retired_uops	loads_retired_ups	LLC_misses	LLC_references	local_accesses	remote_accesses	inter_socket1	inter_socket2	context_switches	number_of_threads
101325593853		29002970712		4817748		9478253		110633		72988		823		6964		11326		19
103153960517		29596712921		4669383		8927399		92958		54500		31988		435		1967		19
99127409498		30600067801		4894788		8876243		94333		66076		9797		10083		1945		19
107074608877		30195726292		4761581		8555589		107164		61607		10412		419		1934		19
103740883047		30346309178		4616415		8438081		95341		51827		60		164		1928		19
102449397393		29859343485		4654051		8541089		81157		60922		1413		2916		1910		19
102432561368		29771922597		4786422		8515313		109977		49771		60		77		1900		19
101849367377		29982143048		4661443		8638983		94042		59201		16		126		1994		19
101745171013		30088880581		4649942		8286203		102369		41317		8530		49		1956		19
105500959014		30707811593		4678581		8791246		89623		68121		8551		211		1939		19
105489304893		30457835900		4501097		8065170		101599		39365		74		45		1974		19
100857704332		29688750666		4527846		8371622		87014		55821		223		60		1979		19
77501434292		21607261115		3286117		5927465		54736		7458		7780		220		-8675		19
56602058252		15539308127		2444660		4239766		33064		22695		434		1194		-1289		19
54827726123		15374186775		2470048		4198871		24486		14940		1166		7407		656		19
53634084712		15167412984		2522747		4214658		24803		48702		485		1270		612		19
53354851633		15395477835		2570306		4223436		63768		24631		16317		12068		630		19
53966306772		15500794740		2401258		4175559		58053		39949		20043		11672		633		19
52135760517		15546384145		2537534		4137032		9694		5693		39913		12867		667		19
51650483862		15206860808		2519007		4292311		27248		27122		9193		52		649		19
52457309917		15129446706		2654636		4220546		22502		13652		9245		620		667		19
