retired_uops	loads_retired_ups	LLC_misses	LLC_references	local_accesses	remote_accesses	inter_socket1	inter_socket2	context_switches	number_of_threads
76482794408		23283604137		5779705		7440128		405753		204045		83704		510279		11648		12
79064090727		25442046779		6797600		7937315		480182		208112		103099		612247		6004		12
76827340445		24757953671		6515075		7576043		428531		161161		91342		590471		5637		12
77395632090		25045536423		6252700		7439811		451124		118826		91594		584627		5642		12
76836430112		24367616975		6405318		7243490		449123		113188		88456		558399		5547		12
75678326181		25330460648		6287014		7470301		576592		110687		97764		600214		6322		12
75933507806		24708436927		6300108		7640019		564533		111188		101874		618141		6115		12
77122860377		25398177427		6393618		7496991		541714		114222		97678		618846		5963		12
78514409287		25741603523		6839221		7836051		570164		115402		105358		642268		6562		12
77020892641		25070851038		6728947		7568887		582508		113653		103395		615570		6230		12
78022254828		25397081536		6940968		7937800		542333		119341		104589		642325		6366		12
73059575608		23655376810		6009470		6966757		490436		91568		203320		578745		-38361		12
13309115072		4313512415		563138		920884		37411		4134		2979		22080		-28107		12
