retired_uops	loads_retired_ups	LLC_misses	LLC_references	local_accesses	remote_accesses	inter_socket1	inter_socket2	context_switches	number_of_threads
85717120031		26588724949		4131336		8380111		174905		99842		210		11518		16297		16
96058128795		30277138840		4194293		7710113		94639		108462		1887		1645		1552		16
97108857315		28805185196		4018282		8147257		151903		86530		9855		1425		1538		16
95542215601		30170779193		4079395		8067155		98616		96263		8239		503		1579		16
98839958644		30051438890		4218036		8677957		127604		105945		150		140		1546		16
102493006136		31115148241		4148210		8362221		142328		78835		142		182		1593		16
97020464698		30408393596		4312622		7984141		127179		79289		1696		95		1599		16
98547883610		30121859665		4320251		7999225		140372		58748		82		439		1589		16
101018225949		30411968518		4342650		7958103		114067		74026		381		431		1569		16
97518403315		28698302059		4001085		7545550		123274		61433		589		1379		1526		16
99842827988		30117540570		3953345		7745013		113594		87093		903		1118		1590		16
99134752803		28034169796		3687760		7131935		136517		59375		986		10151		-7623		16
44731752258		12420807116		1847092		3438741		25507		25946		29316		508		-11820		16
25957052219		7584908131		1185231		2006524		30592		18062		9572		536		154		16
26667766023		7736640230		1239227		2082925		36569		27174		10378		14198		146		16
28281718183		7623893455		1200809		1996873		2222		995		32986		24070		143		16
30102967956		7772490973		1205552		2053190		2394		1057		19939		23426		147		16
28158851640		7784932193		1227742		1892904		10819		1009		11077		37820		144		16
26647311315		7760128426		1214703		1911198		22942		956		13955		1142		152		16
25570895538		7692806940		1094757		1910496		15965		9757		10665		21305		154		16
25384112902		7319560305		1202785		2014291		13746		18555		2476		34040		-9486		16
