retired_uops	loads_retired_ups	LLC_misses	LLC_references	local_accesses	remote_accesses	inter_socket1	inter_socket2	context_switches	number_of_threads
118099751554		37514564526		9343772		12835694		577376		359314		190579		783576		18881		18
119777641766		39057943368		10096660		12721887		545436		339357		199913		780960		12380		18
120352462652		38802445500		10802192		12810573		586318		310822		204572		812549		12790		18
121068564904		39176460766		10496643		13134097		600076		296254		215682		845404		13060		18
118695332273		38313713051		9876461		12401974		568387		295075		210671		814884		12308		18
121286124454		38739150293		10434005		29080105		626082		254699		213830		893606		13131		18
118507043760		38573957947		10057213		12316412		598861		274533		205440		810123		11538		18
120861477199		38396412407		10317490		13118127		615813		192202		203571		845298		12171		18
115659798183		37363663630		9706107		12177449		620272		175093		192597		761630		11669		18
119036285187		38787910179		10271864		12817704		680305		193398		215410		856223		13262		18
116870483096		38880651412		10580097		13095495		719982		202770		219004		843483		13736		18
117422238314		38585618145		10501301		12935194		708078		208807		217005		844906		13692		18
76068900727		25019330710		6350868		7722009		411962		126184		125533		518517		-150123		18
