retired_uops	loads_retired_ups	LLC_misses	LLC_references	local_accesses	remote_accesses	inter_socket1	inter_socket2	context_switches	number_of_threads
63318791804		20403377372		4998820		6023966		236665		341464		99087		464093		7629		10
66208509071		21922296512		5058728		6172689		297107		244271		97597		499817		4417		10
61407453606		20542416339		4441963		6082180		245683		239328		61815		469151		3862		10
63012026604		21003208260		5133111		6693042		407420		171122		77914		540900		4813		10
61830517766		21380442939		4922810		5984536		421930		121829		73775		507428		4248		10
63372164159		20574396372		4811282		5666162		375129		116993		73521		502120		3938		10
63624181915		20859409377		5129708		6067664		390210		125366		74143		491130		3918		10
67617973332		22371895888		5274240		6365117		464313		130381		77849		529396		4823		10
64665443424		21320743214		5172467		6248428		463567		124061		79026		509083		4880		10
63999987217		20849546592		5052970		5989549		392418		113081		76843		488664		4366		10
64744534327		21262855131		5128085		6184334		426452		121040		73810		525249		4557		10
47225704448		15301347593		3302992		4356381		282398		74898		46744		341917		-41465		10
