retired_uops	loads_retired_ups	LLC_misses	LLC_references	local_accesses	remote_accesses	inter_socket1	inter_socket2	context_switches	number_of_threads
12202913973		3822414024		639723		721297		32519		1487		2758		60653		42		3
15950506360		5209382311		806963		807167		51455		2158		1336		122645		30		3
16300126776		5106178414		857678		807107		67948		1799		2493		149704		24		3
14864476818		4870407898		737344		831642		72353		1458		2513		134913		27		3
13807419450		4636369682		771214		787367		54039		2156		3487		135143		19		3
15598069782		5033946955		836087		770779		66466		2365		3530		106324		26		3
15924610713		5051574029		896995		780091		59056		2746		3797		114759		27		3
15696195023		5072008958		832933		776646		68437		1885		3137		107712		27		3
15729412665		5092141094		848775		816674		77854		1880		3565		94831		31		3
16059381418		5172088080		824392		799080		59582		1641		2928		104275		33		3
16087970539		5127560923		855391		788521		57337		1977		2508		115446		27		3
