retired_uops	loads_retired_ups	LLC_misses	LLC_references	local_accesses	remote_accesses	inter_socket1	inter_socket2	context_switches	number_of_threads
102558816724		32388295265		8354641		11028003		543397		275175		170470		691505		18421		16
107733664521		34063023161		9242613		11148260		574830		258204		210817		730438		10446		16
105054905308		34505502777		9983149		11341996		605164		235295		193500		763467		10971		16
104424135452		33492805637		9389309		11073979		578418		244136		173113		755344		10101		16
105999438311		34328097868		9279866		11007303		623371		220288		176923		753158		10807		16
103181499960		33927039409		9081927		11082225		683432		168065		-12016		754665		10112		16
102501719877		33375957279		9446210		11101369		692370		166922		190538		751957		10868		16
102876612881		33770500925		9284201		11147808		720095		162619		180921		748434		10443		16
107175939274		34039010261		9213982		10844432		660089		164598		177524		729919		10114		16
106426903071		34074096178		9344145		11281455		691862		153085		196059		768234		11159		16
107090350611		34772359161		9415761		11322077		694798		146932		182207		752981		10516		16
106648537305		33921628163		8741236		10790939		579545		146864		177297		713378		8681		16
37015576644		12001315774		2492048		3277215		196776		37008		50061		238228		-123238		16
