retired_uops	loads_retired_ups	LLC_misses	LLC_references	local_accesses	remote_accesses	inter_socket1	inter_socket2	context_switches	number_of_threads
90238609351		28761296908		6882433		10402769		453355		260741		148162		592876		16891		15
97240520139		32075075100		9119511		10642722		563124		254930		175975		638200		10027		15
99344378675		32547148074		7959582		9929724		449655		184784		188671		641750		7372		15
99514327358		31602225344		7590025		9492997		450515		206045		155082		648699		6851		15
96730395750		31841271966		8435141		10119621		560279		163732		168250		675441		9033		15
93418935191		32057098787		8479347		10284562		590456		153872		165957		683887		8478		15
99817640129		32952619365		8466882		10315493		604770		143375		173991		668326		9208		15
97322118778		31896096870		8199614		10441058		609527		133521		161103		648765		8559		15
96042198282		31441967487		8707686		10634164		916552		151009		174155		688281		10777		15
99473682399		32490620128		8676781		10708658		702596		148324		182939		647188		10763		15
95749285278		32099025589		8595123		10305331		672154		146908		169840		676234		9816		15
95457731396		31725540017		8572803		10242286		661429		136289		168276		667287		9672		15
