retired_uops	loads_retired_ups	LLC_misses	LLC_references	local_accesses	remote_accesses	inter_socket1	inter_socket2	context_switches	number_of_threads
96070576711		28140406284		4881005		8799344		87264		86172		28172		11409		15063		20
106814883451		29627908000		4789154		8700647		94666		48469		10960		8052		2097		20
99835382282		29780094557		4857094		8350080		110306		66578		31456		139		2091		20
99329466775		29375329435		-1689239		8505106		129703		35921		28111		766		2053		20
96247685984		29722472258		4818389		8652821		91863		63715		31758		8776		2090		20
100616509772		30145756023		4929194		9118187		143890		57684		38615		31290		1994		20
101251869329		29598629941		4815316		8833536		123164		46739		10405		27303		2048		20
101840493014		29808518484		5084920		8747281		126101		42860		77		21610		2084		20
100990889308		29514637938		4810450		8394077		67928		53273		1027		34600		2073		20
104856568679		29944167430		4670606		8177141		99866		80680		44586		10572		2010		20
103766389475		30635378910		4689570		8296901		92778		43090		29378		21358		2039		20
99734304754		29201849774		4680176		8619598		79298		43495		40271		8230		2023		20
81431799036		23088307131		3660430		6346393		55999		9258		103771		33790		-7060		20
65505148533		18576053694		2964441		5287782		130765		17418		10387		8272		-1124		20
62925555372		18004580069		2902726		5302498		33045		48894		21496		12387		891		20
62882361954		17824906484		2968042		5200222		85949		57679		10174		322		890		20
64044981249		17702349770		3020265		5225987		60149		14846		0		8		888		20
63510788088		17914967673		2962828		4922843		108467		56468		11739		13		889		20
63537523947		17806186734		2937605		5045739		51578		22975		8661		11		894		20
61428631507		18059479687		3005602		5203613		56597		24328		9441		6279		910		20
62928849154		17549595692		3046515		5135399		30542		20480		26932		9696		889		20
