retired_uops	loads_retired_ups	LLC_misses	LLC_references	local_accesses	remote_accesses	inter_socket1	inter_socket2	context_switches	number_of_threads
43478533345		14817039578		3163922		3615622		232294		117452		63375		368408		3072		7
46053757210		14740788151		2941222		3494448		243751		109509		67191		355430		1447		7
46175308227		14725848764		2985487		3759936		267178		65014		76017		359950		1393		7
43094714333		14624487745		2868183		3447459		258191		66933		73385		344926		1276		7
45067409645		14837601862		2859763		3314714		238525		57960		68541		350354		1301		7
41567530308		13855140655		2689714		3057886		208222		53530		61453		309404		1094		7
38629788238		12462771735		2602535		3018970		132421		47904		49195		221115		811		7
40605126794		14133540723		2733687		3216860		208798		50346		64173		325499		1197		7
42861356362		14642528058		2863382		3453941		239411		56714		70827		373391		1361		7
42016595410		14375798602		2795164		3312420		228103		56554		72454		372170		1349		7
41930487655		14520536497		2665260		3214163		220975		56829		71618		349048		-1524		7
19034126156		6462523450		908316		1189832		79776		6095		27106		132783		-7692		7
