retired_uops	loads_retired_ups	LLC_misses	LLC_references	local_accesses	remote_accesses	inter_socket1	inter_socket2	context_switches	number_of_threads
49146494413		16460222483		3721707		4138557		255353		170046		72237		338781		5294		8
46897982220		15952608579		3238046		4249589		256441		97187		77112		341186		2126		8
48983389417		17061819687		3556662		4064708		303336		81609		77723		397022		2180		8
49809131210		16856009216		3628199		4217748		288435		70241		79190		390019		2076		8
50141857933		16688765463		3733115		4253062		364498		72920		78637		397460		2313		8
50262161696		16847133076		3840179		4376442		370073		71636		82843		389154		2423		8
50198610336		16686360115		3685068		4239944		376338		71988		83891		399710		2386		8
51089605637		16557434079		3887324		4115368		352747		72847		85555		400463		2438		8
49929168058		16949442698		3788973		4192513		340418		76433		84169		396248		2443		8
49705282978		16741562543		3709804		4122571		344424		71264		73988		369968		2329		8
49788334419		16239961516		3608349		4061838		289185		64028		68678		360904		2234		8
24424974001		8099990231		1563260		1752408		130936		29342		29961		143470		-24281		8
