retired_uops	loads_retired_ups	LLC_misses	LLC_references	local_accesses	remote_accesses	inter_socket1	inter_socket2	context_switches	number_of_threads
21602451860		7336709952		1249690		1302413		66776		34680		6836		213697		314		4
23047600405		7412736149		1219612		1310898		68897		29900		7530		206900		177		4
21945782894		7271914162		1136096		1258817		85857		22093		7377		208833		169		4
22469929418		7883743191		1139924		1196829		73292		20850		9573		203096		138		4
22212883311		7262037192		1159752		1278515		78696		15873		10520		196888		123		4
22195088924		7354006464		1119386		1174613		67897		11056		10277		181702		95		4
21936988479		7217107846		1183513		1272569		75570		13023		9948		196757		116		4
25254099704		7693732052		1399129		1400327		74871		13173		9897		223139		122		4
23083352439		7544624778		1158158		1234807		73634		13021		9814		197164		142		4
23371291959		7940636317		1216711		1236567		82129		11493		9794		200298		166		4
21976132317		7580438844		1199135		1226489		89821		13260		9107		214834		-961		4
