retired_uops	loads_retired_ups	LLC_misses	LLC_references	local_accesses	remote_accesses	inter_socket1	inter_socket2	context_switches	number_of_threads
108224823500		34166441118		8206562		12023775		508475		298730		188807		745146		17246		17
110891272694		35987406809		9301348		11710120		496260		306853		200814		764745		10101		17
111309154198		36206855178		9123948		11683493		533192		254977		207243		785732		10533		17
109927576375		36323463841		9015313		11511868		515388		265001		202144		735879		10069		17
109275104407		35311208907		8897608		11680590		555213		232879		192809		745462		10240		17
109799096263		35852103702		9070442		11641456		636132		194641		200902		788336		10402		17
110017087202		35172618994		9239334		11929547		646214		164021		201364		759681		10420		17
109223327220		35271285572		9123118		11091988		619793		148184		187683		729293		9872		17
108962428215		34665005302		9095645		11404418		619410		135551		185563		718121		9741		17
110384593857		37068090450		9198032		11555785		668596		150825		200411		788047		10774		17
106270097762		34661174522		9182982		11435947		647424		141654		173697		718237		9643		17
105635977485		34380454181		8536890		10790682		575895		127564		167492		672625		9360		17
56510580010		19019928101		4298051		5286720		323759		66081		73362		365689		-95455		17
