retired_uops	loads_retired_ups	LLC_misses	LLC_references	local_accesses	remote_accesses	inter_socket1	inter_socket2	context_switches	number_of_threads
88502217627		27861818571		7179467		9351417		459609		288997		136961		628615		17662		14
93331158436		29428888276		8647808		10362112		560104		270124		159820		648906		10267		14
89219734890		29497059549		7889341		9930570		606337		194426		154298		640609		9677		14
88746632580		28931974903		7819515		9707262		682884		144524		158802		637461		9671		14
91497191868		29680700210		8243595		9726186		679787		130092		151175		661801		9572		14
87125941696		28804289700		7531127		8934773		587718		131626		107896		594488		7909		14
89132089246		29898146199		7350998		8708814		478443		136757		114149		655834		6718		14
93731692444		29347932468		6957760		8282438		439804		115418		108188		638008		5348		14
92072694645		29885807366		7890817		9625005		634879		133429		124091		697980		8410		14
91764360104		29067690398		7705732		9281019		662342		124027		114573		669869		8682		14
90451008013		29670770508		8140940		9307815		650042		128805		120095		684022		8708		14
88725589626		29380552410		7516215		9116480		608559		124927		114437		675417		-455		14
19153680570		6195180468		1226828		1407185		104827		17109		12658		102831		-94426		14
