retired_uops	loads_retired_ups	LLC_misses	LLC_references	local_accesses	remote_accesses	inter_socket1	inter_socket2	context_switches	number_of_threads
128560762388		40885437662		11559949		15413862		666492		441185		173092		845963		37964		20
170867237332		42992703396		12429247		15379665		679786		427847		190788		898243		18186		20
132563751672		42521930618		12317069		15249301		773342		309087		196151		936472		19273		20
133085939885		42505588772		11907251		15089260		654621		410428		191722		914358		18115		20
133539568987		43636271887		12529387		15388518		980478		328013		194669		940721		19841		20
133331618276		42311251841		11800612		15479694		743201		351264		239741		882255		18251		20
128381357352		41820056994		11434416		15118381		849755		265297		243401		880441		18964		20
135648185838		42102791720		12148332		14986400		839396		226118		245236		864336		18656		20
129826610253		41810369024		12303046		15015410		885925		229414		251926		868190		19405		20
133114446793		42457846782		12498777		15734080		925996		208043		264272		925495		20880		20
131503771932		42093821115		12622065		15304421		831451		234557		240601		853765		18976		20
127477522997		41357076115		12531666		14761986		772258		186364		225967		819741		18748		20
70486690390		22633764271		5807242		7092775		366009		85783		108383		416528		-233942		20
