retired_uops	loads_retired_ups	LLC_misses	LLC_references	local_accesses	remote_accesses	inter_socket1	inter_socket2	context_switches	number_of_threads
94261318867		27687971196		4185913		8514854		115786		216211		1258		2022		11506		15
98304536375		30142445414		4267289		7639112		90194		160447		361		133		1452		15
96619670206		29178053685		4237000		7860898		105292		120640		2453		445		1398		15
97064314415		30821757902		4364731		8773114		124102		132464		236		184		1447		15
90601376760		29709125905		4395996		8232835		125479		95766		1087		1142		1415		15
93630460887		30714352763		4221989		7900855		146266		78377		1112		989		1449		15
96199616624		31303770406		4169781		7929753		151064		83174		131		8824		1536		15
96911191205		30352843398		3919079		7899380		147490		68730		107		114		1460		15
104280424514		31035077779		3959362		8135137		133271		84644		387		166		1447		15
97479229761		30010268269		4144992		8270086		160536		68314		168		163		1492		15
98976577198		30821180485		4194746		8194552		146091		90691		532		296		1487		15
96587574059		29072092368		3996473		7815672		142959		68975		154		266		-11869		15
32384800087		9181693579		1461533		2423887		29776		26845		10510		17734		-7194		15
17740614178		5578810292		862583		1284745		35781		20040		10009		37470		68		15
18694144993		5579120510		808889		1284340		18080		20132		2039		29524		63		15
18344898162		5760183256		740177		1305903		16615		22711		2493		11217		64		15
18284742285		5350976269		765844		1220535		15658		16903		494		15470		64		15
18820938280		5473076672		860986		1236219		16611		27275		1530		7665		62		15
17529935791		5375081670		861404		1222434		25412		17752		10420		1419		68		15
17203072739		5070319304		813643		1237434		10701		8333		456		798		62		15
