retired_uops	loads_retired_ups	LLC_misses	LLC_references	local_accesses	remote_accesses	inter_socket1	inter_socket2	context_switches	number_of_threads
38709439388		11752262930		2229124		2918949		102906		146746		38296		295711		1831		6
39903596272		12046186256		2116318		2954388		150739		92103		40407		322722		839		6
36283604121		11463010673		2161035		2684231		144561		72679		37725		280962		796		6
37453331397		12224835989		2219737		2627645		156037		55654		32490		264958		754		6
34387027217		11629965800		2191517		2631564		166930		55429		31326		271088		760		6
37100912515		11501271040		2259679		2615965		164861		55201		31280		259434		757		6
36885191307		11821969382		2327115		2690367		180544		51710		32953		289295		835		6
36725846475		12655378264		2228852		2763186		166582		66131		35034		319076		795		6
36127948450		12171007466		2310835		2647196		182343		70338		36117		308351		872		6
35937686436		11940305279		2243143		2530690		183760		71772		34475		302425		803		6
34970893715		11692904547		2178738		2570769		185070		68619		34324		290781		-1571		6
14274042506		4938741883		653398		782052		63696		10045		7288		64408		-5281		6
