retired_uops	loads_retired_ups	LLC_misses	LLC_references	local_accesses	remote_accesses	inter_socket1	inter_socket2	context_switches	number_of_threads
78365242594		25070159000		5656623		8164869		314995		256084		114631		528768		10469		13
84616405115		26812945747		7168825		8613947		502727		297408		147592		615506		7387		13
84940005490		26978783953		6965700		8864303		560374		228661		146293		583188		7463		13
84185498315		27581511832		6709320		8841679		605124		158963		143741		592869		7119		13
88605554037		27311516944		7245305		8970407		590650		130880		140844		593646		7213		13
86773147013		27631651836		7332734		8770766		625643		123804		149772		582155		6979		13
86636194248		27365197239		7445899		9271539		586491		134597		141753		603848		7397		13
83624310847		26673696730		6443143		8093144		440709		117500		126382		578966		5304		13
82848811764		26963899735		7178634		8554850		514829		127806		131073		565055		6327		13
81719724903		27389006500		7203138		8533826		627477		136047		142486		612024		7476		13
85745380591		28264554610		6985342		8585782		565208		136077		144872		583667		6725		13
78741210175		25614791352		6773116		7924882		469043		115453		139926		487414		-2176		13
27980502030		9252440518		1820479		2086544		115031		22607		35057		110616		-70104		13
