retired_uops	loads_retired_ups	LLC_misses	LLC_references	local_accesses	remote_accesses	inter_socket1	inter_socket2	context_switches	number_of_threads
101647046948		29610053734		4651780		8926206		44163		68008		13308		1069		10247		18
101104215549		29834539903		4696851		8362231		129267		50400		9567		344		1850		18
98117630670		29941912616		4262642		8605950		148737		84762		9570		144		1805		18
99009476897		29697163070		4776758		9069973		156464		57094		860		17683		1826		18
97889212947		29694625464		4676683		8921485		103002		80428		632		9144		1804		18
106492657971		31674548803		4770452		8018063		112796		56181		1223		72		1795		18
104123539380		32184514985		4499187		8405873		108343		66012		482		59		1778		18
101884535155		30064729615		4453582		8016040		125844		50237		27573		5165		1708		18
101788022611		30315458227		4529890		8175412		94472		60473		39882		339		1809		18
101138042021		30276935893		4613323		8336051		114863		58317		31725		118		1785		18
102672431813		30609850122		4492132		8591385		107879		63181		21369		114		1811		18
98251286572		29587848081		4556717		8195084		93513		72746		52		190		-63		18
61233055986		17067651021		2841372		4832199		74929		19605		1043		509		-11126		18
44955864056		12714495312		2024041		3488099		33182		46011		136		7489		438		18
43125858209		12706324457		2143556		3606257		53958		56890		27342		11200		437		18
43053191908		12637998060		2131277		3556013		51186		58961		10899		22		444		18
41312610680		12613586594		2077674		3419776		52755		39100		8906		1177		434		18
44345598926		12883241991		2135916		3585707		38208		48668		22470		16970		452		18
45823308793		12832559653		2101344		3607988		57351		42166		29992		10265		448		18
44048373222		12422900449		2159553		3625624		24872		27737		9022		222		436		18
44034619743		12685949870		2155148		3696005		17523		22491		0		299		447		18
