retired_uops	loads_retired_ups	LLC_misses	LLC_references	local_accesses	remote_accesses	inter_socket1	inter_socket2	context_switches	number_of_threads
53648334352		18247052768		4114749		5048774		263078		223806		79980		417605		5345		9
58364030080		19005552731		4407477		5472443		350535		128875		90125		468058		3741		9
54984094065		18715778009		4290700		5311140		424027		101381		92122		445971		3648		9
56504106522		19005938381		4625696		5397570		433968		95101		95095		448819		3921		9
56953172480		18770162277		4417005		5122564		395346		91299		88961		446460		3534		9
56244680303		19142666781		4554506		5244267		419503		87964		94301		458409		3780		9
56947039529		18474847722		4571689		5138664		389207		86744		95515		449875		3654		9
59362088962		19109371526		4586163		5352352		410353		94296		98592		459695		3641		9
57824101068		18817059246		4333788		5111437		412568		93114		97376		431066		3443		9
60141594117		19173986692		4627356		5550459		443015		97637		102773		467525		3928		9
55338743846		19034351297		4500604		5257469		414229		91580		90479		419548		3563		9
