retired_uops	loads_retired_ups	LLC_misses	LLC_references	local_accesses	remote_accesses	inter_socket1	inter_socket2	context_switches	number_of_threads
31173841143		10257316933		1907203		1940168		124129		48827		11157		289303		1265		5
29444553645		9928414170		1913576		1995790		103784		51505		13007		280214		489		5
27385383184		9126801488		1567863		1805652		106533		38362		12618		235721		448		5
26151957946		8445191503		1680663		1800189		115502		35358		12930		226345		445		5
27008264413		8785637026		1565170		1827895		119536		19123		13277		232859		418		5
29636493844		10169975599		1691560		1818242		115477		24824		16234		296643		454		5
30295298656		10237485807		1826874		2039946		150688		25867		16682		283111		513		5
29584097056		9949297326		1808433		1852653		151925		25542		18034		282455		556		5
31048787489		9747432895		1866653		1979454		154978		24692		16478		295502		535		5
31162632945		10281389071		1735214		1844514		130741		23289		16586		291636		472		5
25188041525		8226984151		1453646		1553241		119309		16953		13301		221415		-4337		5
