retired_uops	loads_retired_ups	LLC_misses	LLC_references	local_accesses	remote_accesses	inter_socket1	inter_socket2	context_switches	number_of_threads
122685692679		38715408816		10747432		14127406		661321		345529		200824		786805		33859		19
128693967534		40537391715		11670448		14200873		660856		23377		229321		796367		17097		19
131920678671		41505635933		12220275		14797439		708339		682049		232398		818282		17254		19
127562416966		39548786092		11412830		13662724		593497		-11619		208075		777160		15834		19
129791532152		40422141459		11692742		14178475		672753		297542		221276		804057		17259		19
127952062938		40986783777		11641675		14503254		807531		269072		218800		814836		17045		19
129876589724		40663628823		11822604		14554037		798804		201225		225809		817284		17021		19
130774517819		40814302889		11771723		14448117		822339		186173		239179		834361		17308		19
124566224306		40035057095		11595516		14151116		798621		174234		222619		783846		17451		19
129924958008		40236635625		12093394		14732126		839927		182566		215127		776451		17944		19
122525867649		38725941925		11207243		13610749		706365		161138		201339		694827		15558		19
118644759712		38631364763		11144684		13639786		660685		159312		191676		684685		15939		19
65340231802		20934225662		5006646		6060173		323224		64888		92694		371682		-162101		19
