retired_uops	loads_retired_ups	LLC_misses	LLC_references	local_accesses	remote_accesses	inter_socket1	inter_socket2	context_switches	number_of_threads
67721743026		22483012149		5140587		6664941		413166		239342		73240		498335		9743		11
70995179784		23684029349		5834831		6786781		400005		189321		80291		514139		4849		11
68942349616		22216206751		5436582		6509304		367576		158265		84094		472784		4051		11
70147995888		22933377713		5709284		6850305		446601		128128		77547		516198		4543		11
72400324634		23150606075		5712561		6883558		539257		97155		80865		543896		5145		11
69236460261		22366110710		5600976		6669371		467129		96324		82545		507951		4942		11
108984228478		22902004338		5626152		6859378		507953		96971		79294		510463		4868		11
71025185202		22489153069		5854196		6837896		500130		97597		80102		507717		5045		11
71357558701		23159149191		5927207		7038745		575408		107214		89109		561025		5650		11
72696457436		23862141533		5999513		7215317		575213		106239		91519		554046		5681		11
70648599490		23373620803		5844597		7005267		532188		95434		91985		563808		5231		11
52593109608		17348393996		3731531		5026545		355109		45538		57174		377096		-49116		11
