retired_uops	loads_retired_ups	LLC_misses	LLC_references	local_accesses	remote_accesses	inter_socket1	inter_socket2	context_switches	number_of_threads
141223333323		44911143656		12975391		17709913		806353		430111		211200		1028054		35531		21
148455972368		47075371396		14425448		17660574		825021		428792		224947		1019375		21727		21
146543320507		46421536286		14382312		17102377		800022		327859		206270		957036		21503		21
144347408079		45756573564		14356640		16905345		738276		344101		222203		895913		20328		21
148725756743		46646057114		14964895		17528731		842245		396774		214124		976041		22052		21
146942618257		46417969264		14583962		18000432		887145		372171		227230		1016925		23014		21
144549890637		45956510986		14310679		17734497		926435		352120		210816		994462		21563		21
141952420416		46198575231		14268722		17203336		916665		274313		215093		970266		22273		21
141295816346		47170269828		13998666		17553506		963351		253438		216932		1003148		22816		21
142612765068		47038434262		14619109		17615938		1032856		286770		221465		1015067		23200		21
143253583736		45488482664		14444570		17038624		961625		238394		223238		1004995		21917		21
140022400878		45810727074		13632395		16611390		892532		266367		210664		923794		21225		21
105726125268		35347400156		9844307		11916718		708988		187059		153314		756347		-193490		21
