retired_uops	loads_retired_ups	LLC_misses	LLC_references	local_accesses	remote_accesses	inter_socket1	inter_socket2	context_switches	number_of_threads
97543310845		28912705483		5143496		9215864		116631		96207		16446		8247		14270		21
105370068591		30899189673		5042009		9076640		102226		89379		1281		11324		2197		21
102559640088		31655375592		5108922		9172307		67966		77739		29493		73		2234		21
105489970992		31385494923		4942155		9225782		53474		143291		26809		1303		2226		21
106447018946		30795074039		5061619		8847448		111467		76840		29294		9586		2200		21
108650176874		30877617821		4899893		9027194		85910		82170		40047		454		2247		21
104816460933		30553003304		5095906		9086070		138386		85199		16500		749		2247		21
105356740378		30827101356		5298848		9324896		59214		58407		10315		1830		2206		21
106914529123		31561199310		5103871		9375715		84916		74177		496		121		2221		21
103391679480		31209689012		5377349		9678143		71419		49409		700		23865		2258		21
104074097197		30904529030		5178115		8995816		97767		33902		1184		813		2266		21
105068568549		31190333445		5167375		8893739		79681		78987		1251		401		2181		21
86322039702		25587712829		4379039		7153045		79845		58989		35888		18149		-6951		21
73986832021		21747566401		3845556		6120636		28576		79655		10833		507		1235		21
73090753153		21733825140		3934008		6262204		45848		65641		52525		748		1186		21
72710602585		21760225007		3831022		6191754		132575		3467		0		261		1191		21
74601304293		21973562749		3869358		6318203		85987		56839		132070		629		1137		21
72213475389		21535139714		3736043		6302576		72042		37097		145195		404		1226		21
73319122446		21935239155		3688983		6335701		111556		25507		598		1316		1185		21
72574978636		21766623727		3834813		6244083		134099		72501		38710		786		1213		21
71854840180		21554215457		3803050		6055557		37769		94123		54430		15003		1186		21
