retired_uops	loads_retired_ups	LLC_misses	LLC_references	local_accesses	remote_accesses	inter_socket1	inter_socket2	context_switches	number_of_threads
96821242902		27962897497		4466620		8856780		68070		128253		732		3797		13531		17
99004556392		28355719190		4457624		8269248		59577		131961		186		110		1721		17
98772325310		28659105651		4492671		8196905		95741		108012		268		97		1681		17
99000807887		29577093709		4511275		8320830		95281		111206		52		276		1673		17
95403863157		30008334345		4341420		8463828		91981		91986		230		55		1714		17
98049159290		28744987297		4714286		9226868		132138		108711		1142		216		1639		17
100346537051		29689894531		4348905		8369222		109335		102071		92		138		1634		17
101612737065		30632126925		4592973		8593700		121258		64520		313		126		1664		17
103683301319		29949115542		4328541		8466158		111757		66264		307		163		1681		17
98448823191		31477784195		4484373		8204667		137976		68692		219		94		1748		17
99535976565		30564039774		4520901		8446822		34658		83524		213		65		1739		17
97523582765		29057789575		4368176		8251572		127064		61145		170		88		-2682		17
47774261648		13565561153		2213166		3745680		32860		19597		1614		75		-12226		17
33520188768		10040404136		1712016		2881108		14893		11473		17246		30908		270		17
34817578106		10135646138		1631224		2699440		51436		11053		37278		33534		265		17
35136646483		10155361416		1618654		2738647		98051		29991		10313		292		283		17
35158390673		10227413831		1576295		2632200		19995		35093		26656		10686		270		17
33697137500		10067297294		1549123		2732279		56040		48495		21877		31320		259		17
35545454268		10336496662		1602450		2673200		78245		3253		49271		7276		267		17
35062979075		10055898482		1595620		2741278		12699		10303		1684		41724		266		17
34092679892		10293387548		1577599		2649532		31233		20150		21517		746		-6701		17
