retired_uops	loads_retired_ups	LLC_misses	LLC_references	local_accesses	remote_accesses	inter_socket1	inter_socket2	context_switches	number_of_threads
50841680464		15278934111		1942259		4058407		26763		146111		161		4095		2453		8
51248415066		16766881447		1967986		4107130		33568		105739		34		63		375		8
50042190258		16242739877		1830304		4113720		56989		79428		83		84		340		8
50506912737		16193931058		1886451		4116833		56048		71871		22535		2134		369		8
50269729098		16309679363		1925705		4059636		79479		44749		831		2334		367		8
50217208281		15813466888		1876309		3901221		69113		53830		4803		4213		332		8
46344780183		14937908974		1835026		3675772		72032		45107		7529		2017		337		8
42864582962		14110457785		1741723		3622892		45384		46278		4704		7015		306		8
44384176977		14732922105		1887547		3734024		61339		45065		3644		2411		314		8
51374209416		16521854650		1975001		3893028		82821		56681		18		32		367		8
48899387177		15977425293		2016931		4052220		89437		56253		16		21		372		8
43780066278		14407749556		1625219		3442576		75525		44067		16		94		-3419		8
