retired_uops	loads_retired_ups	LLC_misses	LLC_references	local_accesses	remote_accesses	inter_socket1	inter_socket2	context_switches	number_of_threads
34011567345		11295693029		1388288		2705672		24066		77133		140		2209		1382		6
34624007971		11276983405		1291787		2812073		23127		67047		21		60		179		6
34508649072		11496416858		1241884		2931000		47422		46287		8		36		155		6
37551177799		12074650055		1321676		2923611		44381		51031		0		74		194		6
36254102821		11820027932		1333749		2854418		65321		27124		4		40		172		6
37539051705		11834031990		1459964		2852753		46644		48242		4		31		185		6
36311705000		11994101405		1349987		2767196		56462		23932		4		71		171		6
36702344671		11857404495		1281930		2755638		40642		35697		0		63		174		6
36283783220		11860325347		1294979		2730334		54682		25263		10		23		171		6
35701074302		11944827645		1289168		2766906		42065		36371		21		31		170		6
36488815183		11603070413		1378954		2784752		56539		26442		51		49		172		6
