retired_uops	loads_retired_ups	LLC_misses	LLC_references	local_accesses	remote_accesses	inter_socket1	inter_socket2	context_switches	number_of_threads
73332553732		22911223996		2993596		6235999		75637		186755		199		5618		8255		11
76149617741		24804029310		3190619		6528769		72809		159975		70		114		849		11
73580491259		24476903141		3041630		6605511		107296		137791		454		1540		772		11
66728870476		21819724223		2872372		5675680		95083		81737		25316		6048		733		11
65992861575		21068854914		2778112		5275291		102250		67380		35300		8880		685		11
65446212003		21023172884		2827266		5395547		85135		70524		39130		6309		706		11
73093300786		23268855652		3059439		5871931		123238		76368		11959		81		802		11
74398711773		23850774907		3061189		6139352		133412		90299		69		103		828		11
72373118657		23320757820		3022489		5719528		136077		76787		96		56		826		11
70775729144		23218921867		3040958		5782714		127332		78286		16		99		812		11
70836402369		23044902656		2990382		5836895		127987		80837		18		101		842		11
63913917441		20312705646		2638963		5476561		119212		65059		33		83		-9504		11
