retired_uops	loads_retired_ups	LLC_misses	LLC_references	local_accesses	remote_accesses	inter_socket1	inter_socket2	context_switches	number_of_threads
42829801955		13625896528		1681593		3671245		41414		76509		35		3127		1821		7
44923208424		14120685141		1638934		3515650		56015		74972		40		38		268		7
42136952503		13646775159		1722915		3563269		91703		51375		71		53		255		7
43148463339		14383479960		1635700		3393015		62141		46931		33		47		292		7
45775645133		14288604507		1727512		3527197		68985		46004		59		47		271		7
45293709542		14159958681		1692579		3379203		58225		61538		12		45		248		7
43014385924		13415255389		1624430		3278426		62791		41757		9		44		244		7
40900953608		13314272519		1596794		3275259		53552		42550		44		321		242		7
43189971596		14443858828		1592934		3545756		65748		40521		26		80		264		7
44260853751		14677700948		1613102		3333129		58722		41356		24		49		277		7
44497887818		14257077975		1569517		3464349		62545		37030		55		61		266		7
36048419629		11606588963		1360428		2892269		64828		31323		33		48		-2896		7
