retired_uops	loads_retired_ups	LLC_misses	LLC_references	local_accesses	remote_accesses	inter_socket1	inter_socket2	context_switches	number_of_threads
25393639711		8413940470		1028637		2156676		17493		60970		56		3035		606		5
27602012629		9529122922		950396		2349212		31014		37307		41		51		113		5
27349362564		8916373751		942226		2066362		35392		23786		308		28		87		5
27364525539		8637499539		973503		2055706		38109		19626		1690		2500		90		5
24978627065		8178223126		918457		1970250		34301		28333		5261		2798		84		5
29719874784		9527554300		1070521		2141872		42132		30983		1337		56		109		5
28453430596		9712008109		1033631		2174413		40290		29847		0		33		112		5
28704722448		9220946483		1117316		2284994		51165		27919		4		64		105		5
26269454970		8601825732		937572		2045853		33933		31479		15		14		89		5
27303636097		9314940316		1033587		2159945		35682		23711		4		52		105		5
27556877991		9232021275		1027214		2137624		39262		22932		0		42		104		5
24172246308		8358229271		887259		1942519		34477		24364		17		78		-739		5
