retired_uops	loads_retired_ups	LLC_misses	LLC_references	local_accesses	remote_accesses	inter_socket1	inter_socket2	context_switches	number_of_threads
7445618070		2389300900		319746		291663		151		30388		18		1976		1		2
6471853940		2430948261		276113		314483		119		21015		136		250		0		2
5893825380		2151471055		165461		293386		1170		15186		11		27		0		2
6609598163		2430283668		270028		284895		20080		9630		70		193		0		2
7237752059		2233081912		258406		310119		11931		14155		112		417		0		2
5256041342		1990335624		281034		298784		14633		6904		1281		1756		0		2
6790759293		2695423734		289234		322566		16666		18065		59		9		0		2
7425904946		2612349778		258867		298732		17773		9556		35		62		0		2
6707957545		2476430831		275700		302504		13585		11332		102		77		0		2
7260679691		2558741661		301557		303492		10489		11138		84		4		0		2
5384963396		1906449157		247220		257009		11072		5558		2754		1456		0		2
