retired_uops	loads_retired_ups	LLC_misses	LLC_references	local_accesses	remote_accesses	inter_socket1	inter_socket2	context_switches	number_of_threads
51529191152		16869049962		2098587		4693365		43048		148736		2730		7617		2961		9
53118946228		17618756327		2083332		4783492		74784		92510		76		1204		458		9
59187172872		18783962041		2223257		4736803		103496		64354		1519		92		498		9
57778465594		18403255483		2208502		4363959		93104		67538		58		49		457		9
53950731686		17731509055		2182004		4204894		73800		53889		627		3795		433		9
56640990569		17871486385		2139637		4438103		83448		57426		7095		43		474		9
57462965652		18521141181		2219378		4576989		93099		59760		27		71		504		9
58112962133		18596789376		2153534		4684709		99460		55565		30		92		513		9
57631700787		18679873043		2288413		4650833		94183		48167		279		61		480		9
59511476637		18626349990		2215532		4391532		87540		55946		9		179		482		9
58843393693		18205020507		2344983		4768678		101507		55420		12		72		491		9
53353456881		16904069840		2067864		4124326		85710		47004		14		64		-2721		9
