retired_uops	loads_retired_ups	LLC_misses	LLC_references	local_accesses	remote_accesses	inter_socket1	inter_socket2	context_switches	number_of_threads
66058087652		20579900571		2731392		5224549		86124		144908		27		11083		5856		10
67538844282		20707333020		2739505		5363386		66283		132527		15		53		668		10
65742573309		20498272877		2692654		5347502		121960		77132		74		5330		593		10
66003130029		20116963486		2741337		5007034		100886		70512		1790		3631		618		10
60849800664		18591408433		2440861		4774907		86370		41854		2075		2794		537		10
58728309739		18387648660		2438317		4640846		77955		46899		9670		5127		508		10
65391570728		20236529481		2557674		5008013		98865		64233		4546		3023		593		10
69819780761		20749130022		2786195		5372085		122182		69530		17		53		651		10
63817903574		20128124790		2561640		4966760		106667		56881		4		41		588		10
63294260006		19631178200		2622977		5081104		107537		58465		74		99		596		10
69369928118		20692643815		2636101		5263223		110051		68733		52		73		624		10
60819622606		18281309984		2409683		4686106		85551		58818		39		76		-3845		10
21576786807		6791264115		792163		1595230		25966		15096		0		1122		-6783		10
