retired_uops	loads_retired_ups	LLC_misses	LLC_references	local_accesses	remote_accesses	inter_socket1	inter_socket2	context_switches	number_of_threads
14454248097		4778682844		539516		1130635		12951		45021		171		833		46		3
14266590372		4799085408		545058		1011750		19831		41733		84		202		18		3
13294235633		4516713767		499226		1082469		9399		23311		7		53		17		3
13731303323		4770291164		457968		1067657		22039		24326		4		27		18		3
13970650924		4821755318		534393		1085417		33685		32951		504		107		19		3
13673322772		4578308519		495593		997597		23618		29210		59		211		20		3
14260990324		4694089542		521172		1082423		33222		26575		308		475		15		3
15016972524		4930170248		534232		1031096		25281		41269		522		331		17		3
13082923348		4758527750		506179		986719		34101		29104		144		314		16		3
12353518991		4453897331		522369		858732		27767		26970		10		331		12		3
11794925333		4212304532		500261		866750		38771		38035		138		672		14		3
11188810244		3742514537		426349		651478		22009		14321		259		49		-103		3
