retired_uops	loads_retired_ups	LLC_misses	LLC_references	local_accesses	remote_accesses	inter_socket1	inter_socket2	context_switches	number_of_threads
18788230787		6632712481		919040		1711068		22902		56228		60		2118		250		4
19394116198		6834632923		742515		1754918		11789		45435		3		67		54		4
18964304620		6702370136		656072		1613758		34918		19037		28		54		48		4
19371418650		6826835698		746786		1606342		18836		28673		28		54		49		4
19950232369		7094527983		779575		1642489		47896		31152		7		63		50		4
22417900211		7167160474		770494		1695509		35503		61700		18		116		55		4
17798034110		6706558728		708509		1596227		31143		24553		11		27		39		4
18076607555		6265472464		714396		1460174		17724		32394		14		22		43		4
19869331843		6906977358		729323		1552827		40254		24947		42		135		45		4
19860012120		7011763725		792983		1597548		35166		47610		151		201		55		4
18819453360		6295391046		718535		1468737		24130		16665		35		32		46		4
17401505287		6087759194		644067		1361707		21341		17841		7		30		-241		4
