retired_uops	loads_retired_ups	LLC_misses	LLC_references	local_accesses	remote_accesses	inter_socket1	inter_socket2	context_switches	number_of_threads
80658868151		26566225026		3386485		6842846		54097		288844		865		5374		5716		12
83377663655		26010609866		3481927		6987903		87700		194250		36		70		1025		12
81742025275		25579866170		3381544		6699848		114848		148634		16		106		976		12
87402432234		28600808801		3336097		6890643		161248		139728		12		126		1051		12
84875730318		27046276529		3396802		6594674		152870		118658		39		100		1060		12
86563170321		26989668379		3239775		6650199		155152		90590		46		833		1049		12
82237067177		27101237414		3312711		6793766		151467		95026		27		107		1059		12
86398518707		27882414606		3534778		7001191		159491		84027		234		222		1027		12
87895467732		28367319713		3409859		6866781		141104		91206		50		102		1067		12
84744048230		27197657742		3411400		6797292		157166		86298		15		98		1049		12
86779588157		27893125185		3371200		6960284		129534		98297		39		95		1039		12
78415801805		25914830225		3001696		5954858		135101		65220		3504		2631		-12973		12
