retired_uops	loads_retired_ups	LLC_misses	LLC_references	local_accesses	remote_accesses	inter_socket1	inter_socket2	context_switches	number_of_threads
94599018325		28014442807		3809673		7942196		130506		221665		8735		4354		10836		14
101186751460		30465551624		3911206		7728065		91993		175807		293		163		1359		14
96906838705		29409393112		3950884		7612110		117319		161368		176		10453		1376		14
98315500999		30414122844		3947200		7712487		123967		183348		292		106		1332		14
100648725527		31506686377		4030257		7877606		149955		123812		109		133		1364		14
98669379512		31088347851		3960340		7499446		144616		114570		85		162		1349		14
99643360300		31226421965		3999047		7722717		155825		97498		85		117		1371		14
94577318664		30159341250		3925962		7488582		153388		86460		210		9195		1355		14
97283617114		29953390270		3974516		7476904		146865		96157		143		263		1368		14
96571471240		29852204321		3808916		7378396		60107		84848		5526		450		1386		14
92806405201		28636668944		3734419		7267866		125369		84170		16896		110		1309		14
85347110322		26865502923		3469820		6448634		114067		67637		11340		1062		-9180		14
20769206125		6210714576		959110		1538728		44194		8811		16045		115		-11796		14
10026157594		2806057845		469535		487677		50162		3511		15082		3		12		14
10463602367		2961221802		420139		451106		14171		3802		7969		42205		12		14
8950461652		2860023142		438510		487879		3610		3891		16913		27335		12		14
9299312167		2878540204		422731		444814		24287		6888		1808		50568		12		14
9206380294		2829672903		432352		441093		10568		13140		18312		11625		11		14
9060505342		2795544566		449698		469582		14381		11365		21784		336		12		14
9036819825		2630732690		413191		439970		14909		6566		10584		310		12		14
