retired_uops	loads_retired_ups	LLC_misses	LLC_references	local_accesses	remote_accesses	inter_socket1	inter_socket2	context_switches	number_of_threads
94924297773		29318602719		3965695		7500474		145189		188712		210		4669		6459		13
97363008204		30397335305		4017878		7634940		112768		158513		96		133		1250		13
94771707657		29345811296		3833726		7111958		131975		150934		59		202		1252		13
89107080607		28955616454		3746675		7312055		139823		141432		5869		326		1157		13
89855624655		28366663264		3868057		7635720		178444		105726		72		197		1248		13
94010256073		29870414559		3962643		7080220		173446		98170		71		109		1292		13
95327058869		30021997974		3829259		7159233		159969		95210		190		131		1293		13
96114657086		30065605806		3859627		11469544		170698		85972		81		200		1302		13
94970783778		30624413278		3714611		7665605		153567		98650		285		161		1284		13
96478973822		30409330508		3933804		7173212		167760		76805		42		284		1239		13
93682593225		29791129734		4010389		7324051		144240		100512		72		157		1286		13
85195089471		28661676454		3766201		6831142		162955		73323		158		140		-12415		13
