retired_uops	loads_retired_ups	LLC_misses	LLC_references	local_accesses	remote_accesses	inter_socket1	inter_socket2	context_switches	number_of_threads
5255501998		557340817		23212		45244147		20419		1025		989		1685		7		12
5279219147		591057080		2469		49640021		642		762		1084		317		0		12
5946715896		627544759		2515		49174311		804		880		782		787		0		12
5979002880		639134448		2359		48880023		719		785		68489		308		0		12
5536383141		604587921		1412170		47045617		33956		187399		838		518		0		12
5370025218		594600408		2098		69151782		583		667		999		309		0		12
5314841584		596077728		2212		46431669		803		529		910		292		0		12
5821110916		636348050		2356		47700811		819		15711		783		224		0		12
5752510892		611313981		2002		47956346		734		15841		17132		40365		0		12
5594470476		614322413		2257		47608766		602		657		731		215		0		12
5722232847		627498484		2450		49103664		691		915		45300		186		0		12
5749795855		612489631		2352		48561641		666		581		23327		177		0		12
5646764083		589656395		1978		48278681		71623		142004		292020		222		0		12
5417145377		587059914		1963		48385323		61942		660		799		373		-13		12
