retired_uops	loads_retired_ups	LLC_misses	LLC_references	local_accesses	remote_accesses	inter_socket1	inter_socket2	context_switches	number_of_threads
3025536350		325409594		10102193		14311831		15315		150455		808358		3481171		4		13
2965407171		327137268		10428138		14101857		13966		146469		782157		3426376		0		13
2915526446		317090399		10755916		14258703		54936		166770		817101		3311220		0		13
2922703239		317823839		10528456		14106764		65734		250686		743502		3102918		0		13
2909583482		323533307		10038496		14156954		18805		140030		725515		3181774		0		13
2947086911		324798002		10513139		14093634		51053		149770		687515		3013628		0		13
2802595789		312329214		10152266		13810474		32657		147716		686049		2712988		0		13
2788733032		316030040		10619637		14135704		72031		190603		659687		2727870		0		13
2892884309		325728871		10497030		14229247		41722		178193		749688		3288727		0		13
2858008234		320233992		10169240		13934061		26576		182733		792913		3216108		0		13
2926457789		319008338		10353575		14040740		13688		203975		811621		3194419		0		13
2893225280		315864994		10791889		14447039		21891		154252		777635		3297503		0		13
2887800538		328871533		10366219		14038693		6022		138745		795674		3260163		0		13
51380002760		325152042		10033948		14350811		6674		135855		819117		3399000		0		13
2782439355		317869549		10175176		13998272		6123		133587		832247		3379545		0		13
2912570761		318272988		10107190		13981595		18300		140820		799613		3268941		0		13
2953746311		328032454		10307277		14273350		9404		141609		805993		3549600		0		13
2902183393		322086123		10534342		14805530		15073		162594		750078		3314547		0		13
2808651334		310442489		10627127		14674817		34687		163340		778895		2959790		0		13
2777656809		314466327		10485572		14113456		14106		153706		751309		3046688		0		13
2905363803		324883470		10143290		13854742		24950		142694		777267		3241662		0		13
2983295995		339089889		10459576		14446758		39546		153428		730324		3166643		0		13
2918185283		326953666		10404264		14123950		27588		136720		727192		3125258		0		13
2854874957		325964404		10427353		14185463		28172		160493		752675		3213197		0		13
2920485956		324737234		10465599		14141507		21215		161652		756787		3147343		0		13
2816575100		320961650		10455748		13833356		64222		156044		702290		2553450		0		13
2862285546		319485772		10350134		14025205		33340		156610		739516		2754857		-1		13
2808744989		311587189		10356586		13696162		16609		138416		685872		3247154		-3		13
