retired_uops	loads_retired_ups	LLC_misses	LLC_references	local_accesses	remote_accesses	inter_socket1	inter_socket2	context_switches	number_of_threads
4829402154		482203328		72960		45092731		79065		92989		29503		43535		17		21
5044772723		504288760		1072		46401986		57468		48378		49245		20626		0		21
5069843372		495112870		1024		46466405		37397		43799		103020		3369		0		21
4990698621		497962580		900		45318307		20679		19316		21479		19258		0		21
5068090340		497788531		913		47743595		22835		14919		46636		8419		0		21
5246541561		525627840		711		47295656		55542		49236		69127		240		9		21
5395451265		530341501		897		48246809		56699		53413		64312		11218		0		21
5435920015		525289755		981		47426655		53196		94071		48340		16003		0		21
5299151148		529075653		963		48801448		60766		76012		36648		11486		0		21
5374912340		532422418		967		49183182		12954		58669		46630		17465		0		21
5476294981		533175557		847		48968283		57900		62416		52726		4956		0		21
5413641671		538682236		926		49192200		117044		93339		47913		14733		0		21
5426186775		532131148		1050		49174637		69097		76750		18156		229		0		21
5304279902		535696726		706		47692057		53540		52082		63830		213		0		21
5336076699		534576370		942		48854642		82077		50117		22472		11908		0		21
5235516072		506836862		677		47917278		45705		48224		65539		35400		-6		21
5041072159		500979809		294		46255833		75420		147607		99878		15828		0		21
4896793550		478800172		77		46209920		104306		101262		64948		52595		-2		21
4858126833		476553023		97		45782807		53410		62211		38986		44300		0		21
5012764440		486405975		33		45222110		125843		76142		96626		25630		0		21
5007259832		476930042		25		46683004		74661		207314		109320		45958		0		21
4973643224		476487187		48		45295496		67051		53255		93432		22663		0		21
4968059845		475309023		223		46008200		56845		115965		34539		40747		0		21
4868810537		477797366		57		45061541		47570		31409		56086		170		0		21
4846230625		470400247		47		44998560		147622		100502		102584		17221		0		21
4880563213		474937256		54		45901543		83759		141343		116662		7244		0		21
4910170296		473232819		0		44693619		82791		107907		50494		34448		0		21
4873511715		484774759		23		45027579		37282		173752		83376		24653		0		21
4947360305		480982169		69		45665384		89295		49810		66452		47303		0		21
4947455753		473280545		35		44794153		105481		144274		163648		68744		0		21
5008191570		475561360		64		45555223		62363		51666		70182		64625		-3		21
5126200739		502523899		138		44669650		119503		94410		44051		32698		-17		21
