retired_uops	loads_retired_ups	LLC_misses	LLC_references	local_accesses	remote_accesses	inter_socket1	inter_socket2	context_switches	number_of_threads
5805082659		602297799		39092		45510419		62310		17907		7351		42907		6		14
5684693928		609192657		1861		47930185		65938		16770		26825		22572		0		14
5783706808		616347506		1917		46149979		23037		616		6244		14227		0		14
5508634819		597034103		1787		46610002		541		899		67673		4383		0		14
5422135382		571347300		1568		47431091		11598		554		6703		38574		0		14
5598500740		587738813		1628		46916770		38735		1345		31658		48597		0		14
5715802116		617454202		1411993		47114336		6379		1520		10191		18399		0		14
5563637971		604427284		1952		47821148		39055		17578		32813		12794		0		14
5469650565		582888532		1530		46618231		22972		51446		21400		5326		0		14
5607478653		589687407		1733		46434640		44699		33138		63126		11264		0		14
5884295565		609832177		1994		47632271		23266		32842		2035		23292		0		14
6020896391		633813227		2034		47113356		107002		17056		19811		25760		0		14
5780051283		610012799		2145		48181086		97353		82473		925		1742		0		14
5755795370		596140020		1932		47151534		25096		37111		5980		8490		-3		14
5592145548		586142584		947		43801840		68211		54013		907		268		-10		14
5896746375		649512485		174		22415295		535		341		33		32818		-2		14
