retired_uops	loads_retired_ups	LLC_misses	LLC_references	local_accesses	remote_accesses	inter_socket1	inter_socket2	context_switches	number_of_threads
6031455096		604702796		3376		48098658		1168		561		5862		40081		1		10
5836973783		624526772		1793		48761278		88515		443		419		25429		0		10
5677551389		618701107		1790		50577094		120678		152854		323		334		0		10
5929700935		638567222		1787		49094092		424		507		541		304		5		10
5284815336		589897506		1820		45884329		1095		403		395		254		0		10
5751019794		647945503		1847		48813265		1007		790		521		273		0		10
5209408175		-17045192166		12598		46348710		2673		1219		814		1765		0		10
5383965703		594878041		1456		46156562		711		723		780		52037		0		10
5346659756		600236284		1705		48616731		1171		338		615		170		0		10
5454875540		18193304781		1516		46649119		992		404		918		122		0		10
5356131338		-17023810048		1239		48892074		25311		51540		453		54544		-9		10
