retired_uops	loads_retired_ups	LLC_misses	LLC_references	local_accesses	remote_accesses	inter_socket1	inter_socket2	context_switches	number_of_threads
2812356507		323726897		9905109		13414333		26100		200771		543807		3374124		1		12
2882670647		318112049		10025552		13740755		19167		212906		565862		3684010		0		12
2810949062		309919997		10037294		13341416		8132		213023		586916		3713567		0		12
2735479195		311040082		9922719		13747917		8510		209522		592030		3691188		0		12
2901282203		318818579		10089844		13646961		7947		217753		576776		3604891		0		12
2905669704		328008422		9874319		13896997		13760		216926		547553		3810345		0		12
2989249434		321196188		9861321		13727336		29314		204258		525333		3379576		0		12
2888764282		319655501		10119429		13852270		43450		228800		546856		3422960		0		12
2908328168		322951726		9890801		13550026		30033		199184		478305		3089301		0		12
2938578321		323767087		9977496		14268021		17340		213151		596060		3894311		0		12
2926287494		330576483		9904970		13629708		15336		214772		570825		3678050		0		12
2874104128		329570971		10076998		13658789		12800		209075		591379		3841838		0		12
2766974025		323647175		9860457		13633726		9763		209596		590349		3717992		0		12
2849850568		325947823		9876824		14037408		18919		232063		522187		3647065		0		12
2862850305		323449470		10029826		13508227		50019		233936		554355		3413439		0		12
3021223829		335321808		9691520		13665472		32887		225393		497048		3363260		0		12
3053527930		329963093		10375089		14300410		50457		219559		470080		3304433		0		12
2928545829		321112284		10306937		13688814		16430		209311		533978		3548865		0		12
2874659821		320973245		9843586		13602445		31735		230416		528118		3326557		0		12
2791644705		315444210		10106628		13349086		25436		215126		470128		2886993		0		12
2797378189		311105274		9929431		13864230		40245		117140		237077		2237203		-2		12
2857578541		320283428		9833864		13951016		73787		160219		307940		3012709		0		12
2800342584		313258188		10193316		14959165		87077		180387		296408		2836280		0		12
2853995905		319821393		10070415		14116590		41705		168407		281351		2884446		0		12
2742095167		313385534		9957920		14341769		36718		158402		264081		2816720		-2		12
