retired_uops	loads_retired_ups	LLC_misses	LLC_references	local_accesses	remote_accesses	inter_socket1	inter_socket2	context_switches	number_of_threads
5592605370		594945294		15929		49075678		721		1924		2244		4741		4		11
5917483199		640988505		2072		48135214		858		580		405		250		0		11
5356887137		595745697		1761		49154601		500		742		214		67829		0		11
5386615251		576720592		1776		46477337		468		667		195442		189		0		11
5368080071		568705106		2067		45552510		616		566		124		22824		0		11
5255414189		581344268		1830		46644455		616		536		607		291		0		11
5395051298		591322739		1797		47314840		543		555		582		508		0		11
5256531563		567957910		1737		46768338		467		158131		146		210		0		11
5304993184		578558066		1829		47869181		519		555		329		137		0		11
5852332661		633867944		2304		47617055		670		921		191		286		0		11
5595187958		603266858		1865		47402926		500		582		17544		164		0		11
5570787669		594145838		2324		47300639		615		557		199		274		-2		11
