retired_uops	loads_retired_ups	LLC_misses	LLC_references	local_accesses	remote_accesses	inter_socket1	inter_socket2	context_switches	number_of_threads
5971219774		647287227		33680		48298143		1289		841		318		663		1		13
5816866074		631446664		2291		49229793		573		816		2082		440		0		13
5826182408		637746656		2059		49236465		57888		610		1072		289		0		13
5877186387		621749610		2003		48719161		58630		40198		152		298		0		13
5814558725		627368164		-1556604		48493327		469		550		254		273		0		13
5930019604		628963988		2504		50949776		691		883		20521		33640		0		13
5841753801		632790466		2397		51184199		661		748		366		26742		0		13
5552069436		613121238		2186		47963906		544		1528		161		26890		0		13
5762125283		621074395		2394		48884498		548		699		307		13385		0		13
5982358726		655433300		2377		48175239		575		863		265		347		0		13
5839518785		643003614		2304		48590231		626		663		398		295		0		13
5732444190		630375639		2161		48856122		408		776		234		437		0		13
5821392563		629723790		2286		46392395		620		702		521		707		0		13
5719104228		636591779		1866		47929148		552		599		587		305		-4		13
