retired_uops	loads_retired_ups	LLC_misses	LLC_references	local_accesses	remote_accesses	inter_socket1	inter_socket2	context_switches	number_of_threads
2674069266		299450758		10106255		11296584		10614		154758		697004		4249648		1		8
2662898978		305789631		9888301		11709841		8475		157171		715685		4356082		0		8
2726261718		311075918		9946411		11284108		10142		161387		648292		4318726		0		8
2769729167		308283377		9660933		10999536		9700		166548		675903		4271628		0		8
2631562923		307194734		9951794		11211040		8685		161353		676431		4312601		0		8
2697733736		318905045		9922623		11251339		9307		155786		671594		4222679		0		8
2863048361		322233999		9873852		11133727		20209		134248		557689		3875564		0		8
2597563389		311771763		10123889		11428612		11630		140282		627428		4004217		0		8
2631877375		300173978		9669039		10942758		22376		135159		572770		3811572		0		8
2819709590		315597199		10088702		11650048		21996		131920		606529		4158685		0		8
2781139024		314949539		9652813		11494750		8772		162053		684780		4434662		0		8
2624088672		308588567		9859374		10767636		9840		153194		662703		4122521		0		8
2687615716		316298729		9591615		10751584		9633		162972		652966		4251026		0		8
2633893581		309927563		9485886		10682679		17969		160565		624580		4031647		0		8
3075454725		352178359		9078746		11011092		6575		91139		440526		4857313		-1		8
3656139610		396095864		8732200		11426408		1515		61299		290966		3856816		-3		8
