retired_uops	loads_retired_ups	LLC_misses	LLC_references	local_accesses	remote_accesses	inter_socket1	inter_socket2	context_switches	number_of_threads
5899654399		594910642		44123		47474038		18160		25892		19758		29900		10		15
6025301236		625040408		1872		48654285		23758		26015		5904		14600		0		15
5940145445		618787326		1869		47825953		6188		26874		5899		14473		0		15
5779919104		609049752		1704		47876336		34352		36073		12042		461		0		15
5914705116		610687703		1694		47632203		19445		29723		6770		10524		0		15
5858217574		606627676		1576		46079232		54259		89309		5962		9501		0		15
5810458896		600497275		1411605		46276487		159892		55141		5678		16986		0		15
5761876828		600543392		1838		47474961		26110		20748		6011		10701		0		15
5597684344		591239464		1512		46367906		53991		16930		11359		9382		0		15
5619373032		594938353		1700		47955151		78440		41552		87775		10246		0		15
5490785944		584183054		1373		47882047		32840		72493		69874		260		0		15
5813188362		600874649		1650		46842094		11815		16594		14355		16912		0		15
6087326627		621060555		1941		49265457		19702		11892		98131		239		0		15
5835096728		616161863		1868		46945848		18900		706		127276		70432		-1		15
5149102200		543230267		852		43541805		30974		20095		18022		6905		-14		15
4709471563		487240089		171		35671038		53499		175910		22377		99971		0		15
4144638450		423765679		57		28752774		45803		54307		58923		22923		-2		15
4222359911		406744790		12		26493477		23		26155		57		13		0		15
4004724096		406456264		13		27554094		11		43		85195		61111		0		15
