retired_uops	loads_retired_ups	LLC_misses	LLC_references	local_accesses	remote_accesses	inter_socket1	inter_socket2	context_switches	number_of_threads
2460453099		286183594		9277831		9770740		22350		245249		464094		4287017		2		5
2627501639		298355909		10281707		10204514		21914		265989		431995		4382647		0		5
2494059938		301811286		9693142		9781088		20982		260310		430062		3988346		0		5
2547447953		293813614		9260879		9712550		25024		230600		422478		4281149		0		5
2671613357		303110071		9252280		9804496		114085		252881		384848		3892747		0		5
2552417011		290617831		9680146		9723322		20856		243558		456941		4502820		0		5
2541708699		284169035		8895118		10054147		85287		236502		369343		3811206		0		5
2537000416		282283344		9363801		9956028		112308		285599		344416		3312261		0		5
2622545004		297180694		9118482		11118283		59230		230749		346697		5197584		-1		5
