retired_uops	loads_retired_ups	LLC_misses	LLC_references	local_accesses	remote_accesses	inter_socket1	inter_socket2	context_switches	number_of_threads
2967985869		330415234		10022100		14498768		23671		340489		638536		3056867		12		16
3025334541		337438107		10117854		14645848		8014		185302		599123		3290714		0		16
2988850747		334002909		10394814		14892795		9759		182612		597841		3303003		0		16
2992760863		332628791		10240476		14828226		46388		212230		524052		2840138		0		16
3029405485		335851404		10235703		14694390		42534		299275		538979		2701436		0		16
3146315713		341192247		10500942		15007968		28850		196796		533348		3103309		0		16
3010483362		334225971		10196119		14398817		12597		180163		551744		3173775		0		16
3050855100		337993287		10349635		14855460		13583		178939		517526		3224472		0		16
3032688843		332787215		10242555		14888846		16488		183105		573832		2983203		0		16
3030167150		338442009		10207479		14885780		16162		182609		585886		3309968		0		16
3077571691		341827891		10012744		14452651		75927		204075		552536		3187753		0		16
3005574589		332465100		10126461		14560710		38429		181412		543652		3110476		0		16
3014917127		338522104		10431805		14764813		38739		191425		549995		3103526		0		16
2979431333		326251648		10199330		15141414		8397		177410		585371		3337687		0		16
3158676597		336318292		10183506		14881316		10047		178425		528035		3119063		0		16
3088317325		337154733		10217836		14499188		23669		233707		522619		3056304		0		16
3036548847		335197203		10299743		14676652		11541		182709		526838		3063064		0		16
3007122097		328464598		10143955		15037728		9359		180308		578632		3312917		0		16
2930423705		326815183		10333540		15019971		11649		179765		598842		2981197		0		16
2980901764		329096873		10239266		15006069		14607		162904		537980		2787740		0		16
2994380014		327321835		10183312		14844331		42937		163292		555124		2555418		0		16
2992903310		325414287		10217026		14715273		22897		182089		581122		3100361		0		16
2992732702		328016498		10244814		14762930		23208		211539		592646		3193287		0		16
2927632072		327616808		10396712		14834801		22605		211978		596749		3137561		0		16
2939756054		326435631		10245274		14825750		22928		202549		614983		3166754		0		16
3023899254		331592144		10509748		14861969		8942		186957		593566		3182055		0		16
3068396897		328558101		10447006		14939374		9010		181623		588297		3193781		0		16
3124864286		332626293		10119525		14499557		10179		179039		546273		3024697		0		16
3074440113		334860619		10485399		14720251		18648		181163		565662		3006491		0		16
3024192080		328503283		10123039		14494553		8752		184393		587145		3158778		-2		16
2951780188		330241507		10178809		14748800		6746		165523		400369		2924225		-3		16
3203658191		330083616		10403418		14949099		5575		179904		341669		2849445		0		16
3160032726		341645510		10280442		14956716		17856		153637		320188		2747468		0		16
3080779316		331742164		10099944		15169472		5825		191531		421672		3135229		0		16
3056796486		321985627		9712846		14426356		5648		178968		386122		3103369		-5		16
