retired_uops	loads_retired_ups	LLC_misses	LLC_references	local_accesses	remote_accesses	inter_socket1	inter_socket2	context_switches	number_of_threads
5081000057		512990363		14257		46526470		16164		9386		48927		26929		1		19
5276646409		531963428		1506		45947234		34293		24187		24673		43574		0		19
5079216014		518512827		1255		46622564		29209		26066		381833		13414		0		19
5267945598		523205852		6490		48139927		25304		27514		96554		16780		0		19
5310722000		535009463		987		46532690		37443		42181		45705		13730		0		19
5084936063		516681639		1731		47199803		132551		67405		15556		23189		0		19
5089414150		521254188		1343		47139580		50028		73030		33922		29341		0		19
5232928769		536668278		1279		45468560		8958		26742		35152		9106		0		19
5144905034		528366563		1490		46986201		40606		54609		46149		10775		0		19
5216004198		538145083		1298		46628879		29013		47433		20806		20713		0		19
5157452611		523619133		1747		46101723		30085		42992		14951		29259		0		19
5319357025		533872479		1450		46604161		23537		20449		76751		13292		0		19
5244887072		518024772		1291		47127912		9016		20362		48071		14453		0		19
5137278481		522023965		1386		46974879		31373		13141		47165		8599		0		19
5207169883		541407915		1177		46512800		21320		17558		43285		41687		0		19
5041408178		508304253		2452		47517091		41153		32876		77695		51421		-4		19
4704192743		450695808		63		47013099		74750		100869		33539		79776		-2		19
4742403977		453260765		55		47493508		96562		77662		161		30606		0		19
4710090714		459788570		30		48231251		71728		107762		87668		117439		0		19
4688627761		449335105		30		48461102		29095		92495		47713		8964		0		19
4775693950		468321731		64		47714401		86633		38121		108765		28293		0		19
4749584525		460485378		65		48038633		56234		60811		97087		33581		0		19
4889703040		460489104		32		47747408		21302		78704		35554		94525		0		19
4875627542		465085650		25		47265839		18619		74809		86930		71673		0		19
4769600255		467073833		11		47431906		43170		63617		74992		19557		0		19
4795685226		458856667		31		47963132		35288		103576		50065		88986		0		19
4812764740		458278823		148		47072346		31605		105655		48491		44294		-2		19
