retired_uops	loads_retired_ups	LLC_misses	LLC_references	local_accesses	remote_accesses	inter_socket1	inter_socket2	context_switches	number_of_threads
3141427992		351555551		10164449		15721698		11895		217331		398001		3423335		15		19
3117811745		356462679		10058150		15580575		11373		215484		395386		3379511		0		19
3150332004		349995776		9872381		15502245		11886		217205		401046		3448214		0		19
3180522094		344700655		10178848		15406595		18033		235708		395129		3259338		0		19
3217982865		345997063		10336973		15640317		39626		275066		399714		3199944		0		19
3227906384		358031837		10240641		15510600		33627		203990		382386		3131621		0		19
3185304731		353229190		10265685		15876841		32585		258859		374928		3039086		0		19
3161446558		345529080		10378729		16014104		11820		207497		380441		3318359		0		19
3228016262		351404456		10293663		15765533		20054		197062		337054		2975754		0		19
3205367345		347414570		10496562		15740011		31464		251052		454279		2637157		0		19
3163045420		344186253		10261844		15903251		63380		219410		435765		2702277		0		19
3200950125		349108558		10066063		15937117		16354		207738		385509		3202925		0		19
3134586951		349157331		10050340		15541075		10815		217059		407910		3346167		0		19
3168478571		350059997		10207552		15611932		19635		217753		386732		3302492		0		19
3097041877		344711033		10495699		15868929		68584		231800		431957		2693830		0		19
3262365183		359695769		9987268		15987393		15224		238161		390842		3318371		0		19
3239776473		351651731		10172335		15935677		11492		206419		366538		3270741		0		19
3164043720		344064467		10266532		15499339		31770		236922		360841		3047871		0		19
3169847817		342367604		10320756		15188710		27349		308020		368828		2664151		0		19
3190448454		343395921		10228552		15197202		35077		273296		385586		2952608		0		19
3102110913		343631400		10204253		15255765		383823		238147		411967		3042017		0		19
3227911865		345581539		10636496		15407786		67752		307697		596015		3044331		0		19
3154910322		341513720		10268516		15444225		34908		244943		377326		2735503		0		19
3214035825		351805593		10291160		15607515		16844		232559		389777		3217446		0		19
3293266053		360280880		10260204		16146428		18817		210481		405855		3497539		0		19
3253293212		356888883		10406195		15603605		66701		218793		386190		3209799		0		19
3262335220		352103975		10335764		15276202		56894		327247		384442		2961177		0		19
3175145912		353376522		10354065		15626455		18751		268688		387504		3295359		0		19
3190663954		351382669		9952784		15412386		12384		206194		384646		3193376		0		19
3181811894		340396917		10366937		15479889		27642		188117		373323		2917219		0		19
3169381238		349313577		10340825		15308060		31004		233638		372215		2698709		0		19
3200806510		351049907		10220299		15484742		10743		201661		404471		3245567		0		19
3180140834		346128856		10357317		15656968		11945		207070		403700		3288228		0		19
3164225711		353530390		10204567		15832944		41304		246249		385003		3282748		0		19
3265982803		347165757		10307473		15885988		70347		241462		404721		3119111		0		19
3214865242		356037354		10287592		15685384		32873		224677		404541		3301699		0		19
3210826406		351273195		9985910		15332541		14784		214670		408784		3632494		-6		19
3405500288		381246610		9316140		15377410		4269		67175		133278		4774273		-9		19
3805087159		412963135		9424229		20929525		308		3087		4688		3359125		0		19
3722846155		403473880		9262436		21174424		261		2836		4197		2151757		0		19
