retired_uops	loads_retired_ups	LLC_misses	LLC_references	local_accesses	remote_accesses	inter_socket1	inter_socket2	context_switches	number_of_threads
2840168605		316563612		10012958		13034385		24137		277715		476367		3531249		6		10
2844948272		326140117		9668441		12564290		39234		231954		523755		3507277		0		10
3148151890		344083591		10334030		13217722		38745		233070		617384		4103697		0		10
3094331355		337928208		10240938		13786230		41635		221998		549573		3980897		0		10
3009089484		341111090		9770759		13168317		16360		259148		505782		4024128		0		10
2914612142		336297269		10309003		13675226		13566		302598		607737		4144585		0		10
2992015563		333463672		9832467		13198346		19976		249244		528949		4153959		0		10
2938586961		330742788		9411986		13132383		18911		246260		524599		3942088		0		10
3006367363		343324452		9577628		12851645		16591		247924		528866		4122845		0		10
3014949840		330049768		9930681		12748660		48542		255930		538428		4037932		0		10
2995620642		335507727		9951893		12940525		61652		287529		507349		3630332		0		10
2977007367		332925437		9927489		12956310		58171		248953		493696		3496891		0		10
3020358155		339724725		10142408		13174939		37064		284332		478497		3269297		0		10
2983836590		348805113		9825415		13085382		35067		274337		473783		3593712		0		10
2999371287		333054443		9867353		13326539		18167		254713		541823		4316821		0		10
2936362413		327024506		9327128		13116894		41188		301052		512677		3891724		0		10
3038380169		330913343		10342281		13018303		17788		202576		460061		3486802		0		10
3129549539		337597331		10084171		12934595		17686		273681		547713		4169744		0		10
3134849804		338591673		8999226		13896709		18158		226221		433755		3780827		-11		10
