retired_uops	loads_retired_ups	LLC_misses	LLC_references	local_accesses	remote_accesses	inter_socket1	inter_socket2	context_switches	number_of_threads
2957142455		321904301		10227285		13540567		10043		191638		625795		3211727		1		11
3025384006		339025734		10228629		13420231		12629		215773		635221		3629683		0		11
3065716859		322230165		9943721		13782883		25068		226797		593723		3409905		0		11
3084878765		327801374		10270946		13470111		35730		182084		601729		3496866		0		11
2985712000		334192755		10679332		13553296		25568		184095		608861		3523960		0		11
2928090923		-17287070190		10304262		13387851		30544		225311		585591		3237245		0		11
3050197186		327526180		10119391		13368079		97056		204802		554494		2863297		0		11
2937612376		324833723		10546248		13541380		80738		184120		638778		2923196		0		11
3009138352		331007187		10642614		13644614		96196		202338		526641		2929595		0		11
2994368932		339629867		10636418		13501191		25636		190402		604273		3385873		0		11
3054213462		328709403		10626403		13480971		10303		204210		666113		3673710		0		11
2905549625		326889748		10352340		13128776		10581		197307		658143		3595132		0		11
2935861144		325714652		10235239		13305540		36003		189330		584125		3359666		0		11
3008635692		327166725		10318548		13437381		22854		187912		591261		3301205		0		11
3090504324		335060263		10477625		13380972		29404		202765		646142		3436406		0		11
3025985730		326275463		10652119		13304724		11459		209216		636431		3641989		0		11
2915560769		318325461		10645866		13140486		15050		208966		593384		3646555		0		11
3062640515		332512032		10256127		13048673		14357		199910		630795		3654610		-1		11
3410497827		380494009		9699404		12568368		5737		86010		323425		4578471		-1		11
3551733775		406963506		9353049		15290122		945		46839		161997		4145043		-2		11
3668253347		404860164		9303091		19243906		83713		6535		134542		2700508		0		11
3585267281		396539999		9513368		19588936		57407		52749		149261		3081917		-2		11
