retired_uops	loads_retired_ups	LLC_misses	LLC_references	local_accesses	remote_accesses	inter_socket1	inter_socket2	context_switches	number_of_threads
5458626082		542393132		51182		47059075		17652		45431		12471		23252		1		17
5707599665		566996980		1803		47897827		22116		53830		17594		254		0		17
5395902907		557490775		1653		47030456		705		6065		48102		8048		0		17
5326580857		544549692		1497		47319269		10827		12486		45073		5667		0		17
5510069761		556823936		1554		46475392		11129		5705		26156		217		0		17
5245904726		539915939		1369		45946382		6768		19848		22997		18681		0		17
5249417283		551404047		1401		45435530		4398		37969		6248		12752		0		17
5494734747		562307742		1539		48205050		424		18305		11002		16083		0		17
5363883609		551144466		1745		46798931		7308		23248		29204		11699		0		17
5282799643		555304253		1441		47383166		475		27884		23373		11331		0		17
5411288724		553988013		1474		46213585		5834		9877		837		7687		0		17
5313005062		544568618		1444		46668814		16370		27217		128742		28804		0		17
5030622552		522741222		1019		46445215		15470		19471		220332		49019		0		17
5384349424		546811875		1408		46793059		10910		26830		167959		23916		0		17
5398772878		553075875		1576		48416417		5295		30749		96700		37389		-4		17
5508164903		520905793		514		50318570		21677		70738		35681		31038		-3		17
4977719376		474340398		65		46040665		50110		27051		31553		49513		-1		17
5122709140		475382599		30		46379396		30300		64639		14663		41		0		17
5112436477		473369545		12		45157277		58925		98764		45878		58147		0		17
5070806120		472754580		0		47257562		34607		106238		26		39		0		17
5087473061		483395091		11		45264245		44648		59967		11701		47623		0		17
5068241599		469782784		10		45786519		64170		31950		30861		66000		0		17
5059188140		472887469		11		43983218		34032		42827		84374		25911		0		17
