retired_uops	loads_retired_ups	LLC_misses	LLC_references	local_accesses	remote_accesses	inter_socket1	inter_socket2	context_switches	number_of_threads
5089618974		520939160		50703		46485598		14793		12585		18780		30306		1		16
5225424456		554124573		2184		45406695		10037		5938		20907		4495		0		16
5168519081		535998338		1788		44731165		75149		19154		20157		12087		0		16
5777108483		595278292		1732		47781166		10767		20128		31662		30613		5		16
5706648459		596850804		1720		46870131		10766		12453		140391		49866		0		16
5637985008		570548803		1408		45881864		12423		981		81168		43020		0		16
5726659447		591926305		1457		46613810		53884		58909		194360		27344		0		16
5963526269		604723624		3361		46667342		28807		41632		124979		9013		0		16
6005020393		608234488		1777		48982066		17937		6392		294		57767		0		16
5918562001		613157880		1955		47408535		29709		19604		17273		32905		0		16
5881523618		590101880		2149		47287663		28760		19334		59495		12103		0		16
5812268641		604463403		4091		47871283		20102		19482		16710		21656		0		16
5532216608		583147777		7058		46165650		68962		27395		17255		35519		0		16
5696483754		582495365		1719		47634253		111797		61665		18640		17593		0		16
5333974547		558996039		1601		45306736		102529		42143		54112		7093		-9		16
4717426117		482567049		138		41540053		12170		101935		398614		997		-2		16
4294096287		432645680		3		39668665		18797		92742		342129		66918		-2		16
4171047633		433884490		4950		36419926		81563		25488		69657		18124		0		16
4153388178		423947098		13147		35908689		66435		110799		22532		39303		0		16
4451206695		413877449		343		34733409		90327		45367		65265		280		0		16
4306240366		440528453		2569		36308130		23148		47654		33325		50790		0		16
