retired_uops	loads_retired_ups	LLC_misses	LLC_references	local_accesses	remote_accesses	inter_socket1	inter_socket2	context_switches	number_of_threads
5486739783		585432232		26057		42171696		1070		767		266		227		1		9
5736429455		629959253		1721		44039856		942		1066		459		434		0		9
5246514214		584980210		1566		43972806		888		808		314		279		0		9
5208468391		586577412		1491		42851765		723		975		369		220		0		9
4921925095		570222189		1264		41736998		529		825		451		35308		0		9
4800105599		540202951		1066		40294621		298		755		399166		154744		0		9
4830031914		526671886		998		40586913		25879		426		150867		104344		0		9
5219803470		568596398		1386		42319545		675		1006		322		344		0		9
5657765267		584026039		1743		41660034		25892		409		237		17535		0		9
5258936152		579554575		1525		43426199		25916		442		709		72620		-3		9
