retired_uops	loads_retired_ups	LLC_misses	LLC_references	local_accesses	remote_accesses	inter_socket1	inter_socket2	context_switches	number_of_threads
2976743497		325386777		10346970		16358714		11925		191236		503345		2813385		10		20
3026764288		327468109		10345149		16111227		53426		199142		459055		1671858		0		20
3080059637		341295579		10030095		15913115		11335		163291		407133		2879930		0		20
3107432756		340117456		10065718		16053012		23769		164986		420806		2906813		0		20
3163805128		331706700		10047878		16122060		25252		172997		393112		2717360		0		20
3060761223		335448016		10145547		15666214		39238		154941		370112		2385798		0		20
3083908873		335571089		10095879		16164210		31362		156238		168873		2848766		0		20
3092656381		341046774		10389372		16343623		11255		182079		419822		2645076		0		20
3089724474		332937281		10223012		15559431		60352		186731		391200		2249213		0		20
3147475735		338005832		10274758		15830382		88972		185166		353535		2282403		0		20
3155471760		345139031		9933946		16318307		11671		178073		440681		2958039		0		20
3187810033		343831854		10160327		15884850		44661		201236		411461		2695192		0		20
3043470150		329103387		9984696		15935948		45729		234039		557287		2262934		0		20
3106819665		335408253		10004699		15703504		72142		170337		433863		3508354		0		20
3130465354		337477151		10150478		16116992		11407		175497		432657		2893516		0		20
3202594538		340938544		10121508		15814612		10984		177396		412135		2964979		0		20
3046670212		335130869		10142179		15785719		12902		172184		423346		2836137		0		20
3102745206		339862404		10251221		15695204		13856		159336		410882		2771814		0		20
3109804380		335076754		10144939		16245049		11737		162405		438392		2986885		0		20
3149503669		339811805		10218757		16248771		20205		161611		451506		2880676		0		20
3146266088		340748207		10241828		16197835		26795		153892		439667		2775068		0		20
3076481892		335079942		10240597		16111540		35812		164508		434803		2688152		0		20
3037150744		337728107		9934872		15715186		17439		165073		406669		2821636		0		20
3173986475		335691901		10004244		15945413		25515		191907		405460		2766177		0		20
3096203050		342599648		10019018		15548298		29322		167809		415257		2513307		0		20
3038481318		329977815		10185986		15779811		38323		175995		403302		2499444		0		20
3118898012		341395076		10269835		15811754		21120		166641		437799		2963944		0		20
3135003802		342751138		10310016		16274839		67140		177459		419896		2806552		0		20
3104509774		342299295		10048128		15812632		25678		166729		401308		2651336		0		20
3066720581		330959465		9943268		15921697		18650		164627		416695		2711923		0		20
3123698756		342485496		10043438		16144389		10859		167798		415591		2875759		0		20
3157108951		335362093		10194829		15955357		22643		166053		435609		2633773		0		20
3121285272		335558424		10179398		16201440		30836		170227		432137		2658786		0		20
3151721003		334885778		10123298		15924493		53128		166999		428360		2483945		0		20
3156641690		340388643		10136804		15969972		12498		167424		426755		3016863		0		20
3173600807		336590467		10168839		16008658		10969		158782		409109		2853682		-2		20
3154139760		339329572		10235655		16065386		13516		174314		447578		2830394		-1		20
3096959140		342816320		10348570		16555545		26477		150109		346767		2571043		-2		20
3063182234		340854744		10124758		16326959		12176		203127		320418		2718424		0		20
3077085924		338270407		10425084		17077213		34969		191441		342245		2594747		0		20
3093511706		342414887		10525766		16616077		56490		124530		342590		2577263		0		20
3094453163		333565263		10419570		16964813		34555		194748		352545		2593579		0		20
3089368055		336506079		10201583		17312088		23480		110375		285482		2939991		-8		20
3270845771		348627828		9904739		18977268		33800		47476		1980		2776526		-5		20
