retired_uops	loads_retired_ups	LLC_misses	LLC_references	local_accesses	remote_accesses	inter_socket1	inter_socket2	context_switches	number_of_threads
3121247405		321533956		10286587		13383878		17848		171370		713998		3796169		3		9
3003577266		315675752		10527838		13245495		15833		210962		729546		3511455		0		9
2962078939		306059632		10461199		12695169		32500		221246		746148		3200214		0		9
3047913027		320743143		10132116		13136381		17078		163003		809769		3223218		0		9
2974713475		328956093		10419573		13172248		18466		176360		717882		3699937		0		9
2914406279		320797809		10402241		13024996		38532		181319		681168		3561589		0		9
2914736225		319135423		10147842		12067491		50547		160360		421225		2381240		0		9
2842137976		317586119		10187051		12555327		88140		187120		486887		2678710		0		9
2890077651		325727174		9848130		12294417		19225		175583		654897		3457647		0		9
2838344862		318200958		9848210		12293437		46357		210099		694948		3326901		0		9
2876358553		328006924		9878781		12740637		17873		178870		667170		3734861		0		9
2823767612		317514427		10198581		12839153		18528		178342		717667		3745220		0		9
2842867941		320493163		10371562		12852043		16902		178039		676086		3576445		0		9
2878574192		328823037		10372904		12782310		12361		178887		613889		3579273		0		9
2796510708		305988489		10179099		12962479		11713		165484		602499		3224488		0		9
2681203855		299357990		10986284		12941580		30873		174173		612241		3179452		0		9
2875030151		327195149		10576520		12778152		19781		170478		711384		3718547		0		9
2785844685		318140180		9978226		13000180		14563		163061		670114		3599269		0		9
