retired_uops	loads_retired_ups	LLC_misses	LLC_references	local_accesses	remote_accesses	inter_socket1	inter_socket2	context_switches	number_of_threads
2616750048		296236621		9261098		10253407		57371		182203		558026		4283771		2		6
2743979756		317835134		9130708		11011426		40636		174876		590372		4598091		0		6
2704311248		298182043		8968533		10100451		35655		174212		575866		4697002		0		6
2528603158		301181381		8587554		9964803		29382		173854		547927		4666854		0		6
2552499492		294459230		8980489		9984673		35741		192389		490611		4686891		0		6
2628500126		297319554		9163497		9946919		29031		214387		450301		4026089		0		6
2649028004		322391241		9885502		10821712		50306		190378		668826		4624367		0		6
2616683778		304279385		9778315		10189533		61105		231523		491839		4119314		0		6
2713431033		298919464		9420882		10307410		41466		152331		560697		4068862		0		6
2862395140		340205307		8531911		11531232		27131		126228		371799		4264009		-4		6
