retired_uops	loads_retired_ups	LLC_misses	LLC_references	local_accesses	remote_accesses	inter_socket1	inter_socket2	context_switches	number_of_threads
2945815859		332641802		10089745		13920690		10959		153386		557754		3601274		1		15
2942092809		330528424		15162587		13963186		25049		149264		594422		3559647		0		15
3053854278		329200194		10336517		13954839		11929		154175		549604		3567847		0		15
2982438054		330457114		10235402		13375044		16174		161739		551334		3520679		0		15
2922036277		320182079		9742116		13671760		42118		168353		538009		3071798		0		15
2944520192		323383201		9636683		13222649		87096		178780		493146		3006380		0		15
2871282571		315434554		9701876		13473409		123323		185081		450473		2451423		0		15
2869231443		324083224		9732953		13306573		27083		167739		500244		3213078		0		15
2917209069		326514654		10111289		13672893		35411		165751		692240		3630365		0		15
2960614452		337081538		10110991		14184526		21543		180039		598199		3481397		0		15
2996247781		325137455		10273867		13903183		40000		162457		607792		3480377		0		15
2958436730		327491451		10056972		13294571		20394		166733		558205		3570956		0		15
2936308670		322925291		10220982		13260664		23789		185132		587205		3486371		0		15
2979624661		311256570		10098136		13420297		22124		198353		566380		3294201		0		15
2975583838		316853001		10089152		13226858		19403		202026		567627		3249591		0		15
2979644061		322279114		9702039		13609707		27193		150773		580981		3364753		0		15
2959190310		323595719		9834344		13413937		38210		189168		540067		3220426		0		15
2897197658		321802528		10163682		13685390		37305		156451		523861		3136695		0		15
2958779121		328671024		10058683		13774050		34009		217467		529202		3080373		0		15
3090644026		325321105		10354275		13670769		30624		225145		567913		3458737		0		15
3114075723		328728913		9790011		13855701		11594		177283		559605		3698626		0		15
3065746649		329136372		9907990		13422846		32399		219787		601578		3472179		0		15
2954427964		327940284		10007255		13299037		71666		214385		553332		3913901		0		15
2946121451		332077894		10189757		13356188		33391		160335		577997		3490612		0		15
2943341820		324979717		10033237		13472787		12797		160327		549944		3699188		0		15
2939163942		324627150		10044525		13141024		84414		235232		471838		3033411		0		15
2960433672		334447090		9936312		13703193		66144		209655		500199		3001564		0		15
2982832885		332716888		10138547		13601808		33317		155285		545248		3427511		0		15
2984867275		330508370		9997008		13447712		11565		150582		575051		3779038		-1		15
3134249561		342496519		9932148		14627254		10597		97411		308906		3533424		-5		15
3474795090		387681629		10067015		18246464		8769		33655		30707		3585854		0		15
3214581504		353251294		9496118		17627692		8255		49812		16589		3393628		0		15
3821802930		414400639		6643591		21339031		781		14840		2097		2284573		-6		15
