retired_uops	loads_retired_ups	LLC_misses	LLC_references	local_accesses	remote_accesses	inter_socket1	inter_socket2	context_switches	number_of_threads
3069772646		331549271		10692777		14635115		10816		198385		571708		3454420		1		14
3063341662		341777801		10284968		14457920		51666		226892		598805		3398372		0		14
3017808474		333935947		10251567		14778670		94598		276898		606077		3022493		9		14
2966061295		324656509		10230411		14037641		29493		197645		605843		2893540		0		14
2945590002		323499834		10285526		14443942		11928		145013		720279		3194866		0		14
2892538050		326108222		10360000		14484005		5618		142722		724989		3171961		0		14
2919732443		326232087		10654218		15090523		24725		186586		691420		3091089		0		14
3006126438		322090673		10570135		14584070		11331		140109		692449		3074825		0		14
3012561366		341582830		10568077		14777388		22473		167173		725121		3221844		0		14
3037775382		337358628		10441262		14552480		32401		140384		773043		3306881		0		14
2928645776		335096064		10490056		14650059		26344		126744		725269		3245709		0		14
2963653844		332226759		10347242		14508877		31880		125272		596521		3126649		0		14
2901694201		325156727		10515931		14824372		14318		131856		724483		3551788		0		14
2911515100		324221753		10834674		14798491		13486		134899		733686		3578562		0		14
2895138990		327958779		10353813		14538047		12298		128321		729088		3226323		0		14
2962532368		333063657		10476677		14486026		13962		140832		696466		3458967		0		14
2925949441		327123785		10345392		14385187		19579		143657		700659		3345371		0		14
3010243386		331401984		10990384		14787198		20705		127127		829237		3304745		0		14
3038736815		330900821		10610963		14809933		36480		126087		749126		3248426		0		14
2975992097		323423111		10376470		14436826		34124		147615		695757		3237176		0		14
2939738123		330528945		10335802		14873026		12317		138142		726864		3508607		0		14
2982756558		327158677		10340496		15003858		26938		136131		709492		3393651		0		14
2940154770		323215777		10535470		14435595		38648		126279		628373		3103217		0		14
2967768010		329753235		10270223		14243846		46013		150432		655426		3223230		0		14
3024292782		334718035		10348314		14592139		23429		140311		630875		3201827		0		14
3066391579		333116064		10395869		14871613		17799		159250		677928		3286774		0		14
3007609049		334572499		10719529		14854378		14493		138255		668239		3279938		0		14
2926928312		322820075		10394541		14379971		27836		143103		680215		3380637		-2		14
3102638241		356351104		9676781		15731648		10887		82155		335864		3501817		-9		14
4058850859		449663649		6531337		25797177		1510		2391		2407		2962104		-4		14
