retired_uops	loads_retired_ups	LLC_misses	LLC_references	local_accesses	remote_accesses	inter_socket1	inter_socket2	context_switches	number_of_threads
2725077378		316583871		9413042		11757874		23353		253286		419607		4748752		24		7
2670097103		320814932		8956229		11911923		21383		259207		404598		4673028		0		7
2838342269		329809389		9644946		12014349		20179		262148		435042		4796918		0		7
2819304975		334159127		9939972		12763672		21097		253259		442801		5169118		0		7
2917798928		337896509		9553571		12601707		18182		267707		443908		4772912		0		7
2695432837		314374328		9722099		11660944		15038		274501		428438		4540898		0		7
2687897236		313720105		10061222		12410549		16466		263283		434726		4685415		0		7
2818043460		327323723		9782052		12115826		20354		277554		423517		4803689		0		7
2731848947		319792232		9773789		11971912		18970		261564		425897		4920165		0		7
2793331757		317390027		9610810		12260664		18857		267925		417573		4598784		0		7
2753920498		308611489		9314656		12239877		16680		183768		302333		4693573		-11		7
3450477173		406482682		9731120		16374220		4778		47612		81465		4712745		-11		7
