retired_uops	loads_retired_ups	LLC_misses	LLC_references	local_accesses	remote_accesses	inter_socket1	inter_socket2	context_switches	number_of_threads
5226858283		534888382		19421		44901622		21656		54474		17175		18270		6		18
5205449669		548017299		1317		47587376		38877		61768		14661		14899		0		18
5212925743		526050760		1040		45887078		27781		14776		23482		12662		0		18
5237584388		531256473		1054		46026871		28413		27993		24075		19760		0		18
5304941806		535104024		1082		48304384		35093		44128		20596		17699		0		18
5158849089		536151356		1121		48047573		18192		62177		144473		33417		0		18
5098965066		520583705		1121		45664130		25647		38299		307081		229		0		18
5187702213		523857459		1046		46085047		17152		36459		141244		10743		0		18
5125652700		514552661		1034		46558170		23595		46639		27241		6838		0		18
5162989398		527250643		1073		46905156		42592		51303		20174		7178		0		18
5036263160		528804357		1109		46560107		44609		30885		20978		20089		0		18
5237054186		536432437		1278		46696908		5063		16032		14382		3984		0		18
5143467057		540686657		1053		46672649		26096		20937		23522		460		0		18
5234566990		534897825		1103		46066519		15536		28330		38278		4010		0		18
5238337082		532899597		1015		47215308		24223		64145		12583		2754		-2		18
5118575754		492353046		474		48760937		74498		85888		14600		51295		-8		18
4911631978		466208088		0		47077401		73177		112183		61182		44		0		18
4845711040		464508177		22		45880382		63461		88377		138733		31		0		18
5061768003		472560226		19		47904567		41		79217		11659		32373		0		18
5039355279		476253942		3		47845883		139300		111205		23113		24967		0		18
4929172532		476058463		26		46630554		72715		117531		55107		11229		0		18
5015567393		461324115		18		47489335		48456		83686		35603		23901		0		18
4804170327		467544007		0		48102738		78776		99552		12689		22287		0		18
5068020086		466590070		4		47367029		34917		50973		24021		21193		0		18
4950027915		481961628		16		47400510		88038		129130		104592		42331		-2		18
