retired_uops	loads_retired_ups	LLC_misses	LLC_references	local_accesses	remote_accesses	inter_socket1	inter_socket2	context_switches	number_of_threads
3136225290		346158812		10726582		16402888		54945		200804		422711		3134774		13		17
3136635982		347899528		10562809		15769496		31107		212456		433040		3164018		0		17
3194818577		349712059		10429921		15865933		79395		273275		435126		3220940		0		17
3072953825		346038623		10325700		15834247		9084		214185		447651		3362721		0		17
3112523888		341598390		10256307		15506914		8770		216438		442312		3265847		0		17
3281874178		351954439		10642617		16020021		9891		222404		455200		3302777		0		17
3020269739		333949478		10477553		15708581		30672		236531		500891		3013291		4		17
3036114362		329980544		10313359		15810978		12510		152169		574254		3200962		0		17
3040139064		332377579		10608782		15889229		13143		154397		582877		3244654		0		17
3047072315		331682655		10533038		15934731		11785		149538		577399		3161369		0		17
3086283162		334537441		10358124		16096277		15127		151520		565348		3118884		0		17
3076087712		324471974		10792402		15856918		11819		162049		578665		3177911		0		17
3007456103		332424958		10527838		16063562		10222		150986		568894		3156554		0		17
3021973903		327853003		10699071		15390545		22139		155218		511864		2814772		0		17
3012583277		329436675		10631027		15678322		39476		178904		498582		2942245		0		17
3016161109		321886324		10272991		15466660		16398		139764		521144		3001020		0		17
3059364598		328817680		10664107		15736246		15900		154735		526297		2964248		0		17
3008141613		326879511		10440942		15429029		13056		147448		556001		2937481		0		17
2980932557		333966585		10510949		15698945		25338		150523		578534		2798100		0		17
3073375979		335334182		10412395		15774108		13139		153416		591429		3319131		0		17
3018749969		329706241		10521950		15597034		12683		158391		586826		3176886		0		17
3036474697		331884804		10353357		15759764		13000		157980		602295		3158228		0		17
3074309766		333825322		10657311		15535761		23026		160531		574623		3047903		0		17
2985761203		327763238		10589132		15505270		12882		165167		604624		3295524		0		17
3085816701		327754737		10821617		15800826		10246		167646		617698		3197776		0		17
3032392007		334467102		10455226		15448793		9737		166379		600825		3132840		0		17
3034195213		328348622		10411926		15386214		15657		160819		601557		2998226		0		17
3102721371		333033302		10659334		15578568		31375		214319		567744		2878365		0		17
3033475542		327843792		10551036		15370631		70021		189723		543818		2685060		0		17
3064615159		324204267		10783315		15526839		41734		206674		640535		2681632		0		17
3022192114		329888875		10559699		15481466		17664		168748		542837		2809647		0		17
3046211514		326672539		10656760		15668835		19163		146706		545951		3080802		0		17
3048844281		339802940		10464455		15109429		18933		156731		542520		3090433		0		17
70006855262		333533236		10417133		15648528		36624		161734		513998		3078925		0		17
3076973406		333007115		10553312		15412700		63563		164534		593114		2950627		-1		17
3014530251		325799997		10707585		15935727		11943		155568		621504		3198249		0		17
3143838626		339928381		10599325		16415601		8517		100080		379490		3708426		-24		17
