retired_uops	loads_retired_ups	LLC_misses	LLC_references	local_accesses	remote_accesses	inter_socket1	inter_socket2	context_switches	number_of_threads
3410416681		374291481		10664389		16565289		36495		229888		421814		2811022		16		21
3379342372		370402639		10721774		16975423		11504		205786		373622		3076173		0		21
3357316426		360322885		10785530		16922959		33445		219117		387501		2910200		0		21
3263344531		357239069		10493065		17019125		27435		247000		376831		2875080		0		21
3371509807		360232224		10770861		16989398		21892		257774		378547		2891297		0		21
3290666063		361989529		10962484		16949966		10659		222556		376252		2950981		0		21
3302187344		362190987		10593300		16628988		47533		204806		362746		2865856		0		21
3335309194		361005602		10748069		16954115		34515		202390		371264		2789064		0		21
3279083918		361158933		10464161		16576241		40660		210110		370405		2911630		0		21
3378107984		369723641		10579748		16984669		11713		199946		379708		3119473		0		21
3340576540		372086002		10797492		17123715		12135		207624		384524		3097012		0		21
3265874035		359860504		10846519		17386197		13922		193378		357077		2903688		0		21
3281808667		360461313		10603948		17301550		21330		212159		359215		2860676		0		21
3387576078		365313712		10692792		17140115		43777		210913		357397		2971674		0		21
3327887268		357106067		10816229		17271999		84403		224350		352397		2912312		0		21
3390466228		357671264		10773694		17075640		91227		229704		383516		2802863		0		21
3246631170		354230786		10657559		17027505		67051		298587		410135		2028614		0		21
3297985885		361834425		10909731		17051282		20104		207218		359061		2913650		0		21
3315940401		362898665		10814294		17184150		43206		208913		355900		2579204		0		21
3320965930		362857768		10868878		16652874		45824		283302		341297		2344194		0		21
3299145804		357651017		10921370		17127626		34433		222227		395501		2556499		0		21
3355358439		372329747		10834799		17276145		12332		205802		380942		3099591		0		21
3338017814		362227964		10529009		16879050		33452		310019		399483		2950665		0		21
3347011535		364161584		10910983		16991206		74999		309224		385464		2765504		0		21
3235926678		357173970		10829943		17190862		41443		231894		430714		2845967		0		21
3400756226		376757666		10953271		17092366		12271		202831		384369		3256849		0		21
3431644295		370842563		10688108		16545806		15041		199643		371496		2935928		0		21
3474577490		369591015		10907037		17143316		15984		195543		362438		2954255		0		21
3361700500		374643722		10755417		16863538		19248		212996		375683		2999829		0		21
3345323174		374134546		18182611		17075003		13231		204512		380334		3148509		0		21
3319939162		362905186		10770302		17056638		43077		218836		350804		2958098		0		21
3412643312		373634177		10562610		17075104		30990		239544		374677		2931358		0		21
3408100293		367606093		10768405		17142443		39544		232700		355231		2859952		0		21
3370455917		368184780		10794007		17094915		13688		203142		366997		2896496		0		21
3360204519		362039995		10619368		16885878		14769		191429		366266		2665544		0		21
3396675079		371416299		10627437		16732784		43702		207595		355550		2860556		0		21
3408470384		364745183		10502865		16974640		13085		196226		356230		2863021		0		21
3363987541		376927732		10688317		17350504		12306		206525		386194		3165856		0		21
3301964191		361794658		10730992		17051245		12582		218964		379403		3036266		0		21
3361676386		367191643		10813063		17505670		57843		218263		385134		2998388		0		21
3355090677		365337773		10639447		16866666		36138		199400		384685		2960230		0		21
3315104654		353751473		10505751		16973462		26482		244570		386877		2909660		0		21
3299338000		354430785		10660658		16989217		35727		244079		370928		2780583		0		21
3167518878		341181058		10894050		16589636		38173		251056		377136		2498997		-1		21
3176196479		349064997		10816790		16264065		41749		260678		521611		2928821		-13		21
