retired_uops	loads_retired_ups	LLC_misses	LLC_references	local_accesses	remote_accesses	inter_socket1	inter_socket2	context_switches	number_of_threads
3237597711		343976988		10268025		14972581		37835		221093		350129		3053705		14		18
3191543675		356927398		10528842		15431404		17817		215630		384836		3461494		0		18
3231128852		350005816		10278498		15181160		22176		209331		368096		3342485		0		18
3243342692		343667190		10230304		15568891		18412		227953		370541		3357701		0		18
3132142504		346032325		10151129		15376292		14233		220523		374219		3399235		0		18
3129904733		354170656		10045246		15306294		15056		220262		385774		3408627		0		18
3186993976		353844781		10055873		15543458		13602		221862		396586		3513474		0		18
3216384247		351944313		10049138		15687978		14326		224038		422230		3650618		0		18
3163542552		344812176		9985624		15444467		13230		225595		420939		3426373		0		18
3316847274		357744223		10351170		15620777		259235		218344		405977		3510838		0		18
3240043053		347549658		10054879		15631963		17393		215029		384417		3368071		0		18
3244542319		345696272		10240165		15381125		22212		223284		384934		3289976		0		18
3252993332		352798607		10260386		15515553		29949		225649		403149		3380562		0		18
3166694377		339260639		9997383		15400339		51270		207227		461456		3102263		0		18
3129765014		344248838		10006662		15079099		69528		215355		422027		3048002		0		18
3211087824		347413414		10237302		15150706		49774		204642		370027		3042774		0		18
3222781536		348931122		10377775		15235948		40201		205132		390733		3117678		0		18
3225942445		351560219		10126375		15327839		14305		218554		391825		3396755		0		18
3220714642		350907887		10222559		15638378		14621		227188		388698		3456205		0		18
3130166916		343155001		10277025		15546117		32904		231531		399750		3343704		0		18
3191575004		362795851		10388642		16027931		12310		230015		393213		3389570		0		18
3212911844		353687239		10174323		16106988		15128		226507		388037		3515785		0		18
3186142283		348816611		10280060		15772898		14960		218735		390041		3537671		0		18
3159337272		356637057		10136496		15507013		15085		225484		408268		3553347		0		18
3144858270		344885203		10188582		15294832		14959		325455		393737		3356872		0		18
3243595752		354616075		10134747		15659328		13693		223692		401298		3636854		0		18
3241272571		356273399		10583237		15499771		14695		211437		382333		3370099		0		18
3115459838		345006356		10349304		15803102		21011		223034		386496		3251942		0		18
3116335705		348507073		10055445		15115920		16235		228672		398545		3414908		0		18
3194585500		347433493		10175256		15436873		21169		222769		401828		3303255		0		18
3218878167		348007462		10034441		15213511		27973		231907		359143		3163709		0		18
3247152657		353727218		10251943		15418286		27085		231745		360023		3111152		0		18
3136294803		351218294		9961088		15246875		28735		240351		368754		3265428		0		18
3152366283		345658914		10069782		14969389		41641		293470		387486		3233052		0		18
3135974407		338199221		10205456		15075723		48958		316801		364162		3013083		0		18
3103113546		336787500		10063690		15167157		74144		227104		324198		2876975		-14		18
3535171473		373503534		9977844		19462280		14082		57525		2902		2792320		0		18
4111836004		456428509		6871213		24990658		1398		2218		3512		2676126		-8		18
