retired_uops	loads_retired_ups	LLC_misses	LLC_references	local_accesses	remote_accesses	inter_socket1	inter_socket2	context_switches	number_of_threads
4880276570		486010424		34175		43170189		28264		9944		30804		21495		12		20
5095395051		501887799		1037		45626153		59935		64369		91446		12944		0		20
4845347902		481657263		945		44601435		52271		37217		158665		24065		0		20
4804060786		480654992		906		43368605		35410		31435		15544		370		0		20
4678949666		481164297		672		42642461		50193		46683		45212		9835		0		20
4739023896		482297210		1087		43078794		83936		22568		34788		15776		0		20
4706085335		463730287		757		42671041		23909		75553		53881		8622		0		20
4701181586		467884764		936		42834632		36702		42266		40432		13910		0		20
4929343767		482539522		894		44030678		81484		9211		63191		3464		0		20
4813596489		482102224		1065		43383075		29373		61741		54214		8181		0		20
4970442337		490385880		1118		44401708		32555		25292		38801		18676		0		20
4909285974		494689665		871		43792813		41538		47533		34172		28772		0		20
4891233096		498708659		1073		43862540		71709		17674		40040		27559		0		20
4882314445		492924290		1115		43957385		57880		58088		48549		31224		0		20
5023517550		499540691		1049		43894190		46337		93059		67547		34341		0		20
4781864185		492979405		950		43795742		52901		44655		28117		23103		-5		20
4692460423		460884560		166		44761844		49740		78353		52807		50498		-2		20
4632102532		439917646		168		44261401		49360		66227		38529		7815		0		20
4725441260		445590613		61		44821458		61452		86885		73876		68		-1		20
4589372172		445780879		17		45284941		72758		94594		132654		32938		0		20
4515249138		430943263		15		43377404		142606		66988		69896		23745		0		20
4493217171		434825210		19		44439974		61257		66342		22437		36089		0		20
4519109715		443821257		34		43425820		112628		58526		73473		22029		0		20
4685867638		446687997		26		43927673		24401		117848		105275		31822		0		20
4539960671		441701042		44		45419101		79626		54955		44583		117249		0		20
4730992958		452807558		20		43480610		64818		63263		27720		87		0		20
4611644986		441323778		8		43958769		48620		41165		85109		54		0		20
4564742127		434594632		32		44463965		43624		71388		104160		28129		0		20
4556727591		435217310		30		43723091		68030		67600		80009		83		0		20
4568831390		447465789		3		45752800		14731		59015		43463		10513		0		20
5478828788		518814021		115		35187265		63064		36787		47685		18409		-18		20
