2:      14.797108515005675      13.280264973989688      12.892739878006978
3:      14.668237978999969      13.750652605987852      14.740669236998656
4:      14.737307531991974      14.4718555649888        14.544474437003373
5:      15.119328640997992      13.485125882987631      14.468248817007407
6:      14.985911725001642      15.784937353004352      14.773946181987412
7:      14.742838125996059      14.084775832991 14.543477813000209
8:      15.617010556001333      14.147440101995016      14.46344308499829
9:      15.327947177996975      14.305256367006223      14.262103720000596
10:     14.746466894997866      13.958990612998605      14.876261924990104
11:     15.423197184994933      14.764720072998898      15.335260284002288
12:     14.846130085003097      16.07865223499539       15.308860000994173
13:     23.51609922100033       15.721381335999467      15.758125979991746
14:     23.63320266699884       15.362660913990112      16.1548647259915
15:     24.112115296011325      14.930480609997176      15.456848529996932
16:     24.2058470530028        16.19398635199468       17.328053039003862
17:     24.257913686000393      15.218632926000282      17.331563094005105
18:     24.24165146499581       15.283225217004656      18.09433152100246
19:     24.295842464998714      16.141272734996164      18.585781349989702
20:     24.334208204003517      15.940339752007276      18.54975076499977
