0, 1, 45206533970, 17697728949, 20150, 3782160, 784, 1350, 3104, 1165, 127, 9, 1
0, 1, 48641793103, 18661322168, 1134, 3875128, 1309, 1363, 824, 717, 0, 9, 1
0, 1, 48507798774, 19327224712, 1291, 3779494, 683, 839, 1687, 640, 0, 9, 1
0, 1, 45230546555, 17986774051, 1149, 3830526, 602, 1692, 745, 1006, 0, 9, 1
0, 1, 48334844581, 18309978735, 5240, 3869236, 1172, 1942, 16208, 1025, 0, 9, 1
0, 1, 47779557198, 18721288531, 1044, 3796242, 595, 1364, 1536, 1557, 0, 9, 1
0, 1, 48736764861, 18692052522, 1065, 3680330, 909, 1276, 3789, 861, 0, 9, 1
0, 1, 46016912675, 18356476824, 4551, 3727848, 425, 704, 1930, 440, 0, 9, 1
0, 1, 46403780389, 18148581698, 2354, 3909198, 309, 587, 247, 1386, 0, 9, 1
0, 1, 48975344114, 18967679973, 3782, 3989207, 1193, 1270, 558, 11141, 0, 9, 1
0, 1, 47128275577, 18802421097, 4039, 4057035, 1989, 1385, 92, 436, 0, 9, 1
0, 1, 49136803335, 18677469607, 720, 3829920, 4052, 2476, 1292, 635, 0, 9, 1
0, 1, 49307228076, 18824903754, 916, 3814295, 4076, 1941, 2500, 886, 0, 9, 1
0, 1, 52621931427, 19537626370, 2639, 3849386, 1139, 825, 2373, 955, 0, 9, 1
0, 1, 50092809044, 19318587968, 1206, 3966803, 2893, 3172, 3419, 903, 0, 9, 1
0, 1, 50277923501, 19214161035, 879, 4005167, 3770, 1224, 3870, 1153, 0, 9, 1
0, 1, 48863568764, 19035836126, 8586, 3945971, 692, 2511, 2984, 633, 0, 9, 1
0, 1, 49207881679, 19074071282, 5406, 3844645, 1289, 1493, 2434, 2283, 0, 9, 1
0, 1, 50282755033, 19164261393, 1240, 4043603, 255, 368, 3332, 784, 0, 9, 1
0, 1, 51071211531, 19650149615, 1243, 3893836, 150, 380, 2460, 2139, 0, 9, 1
0, 1, 50426812311, 19785399696, 964, 3810824, 372, 326, 3697, 189, 0, 9, 1
0, 1, 48321170907, 19160570994, 1221, 3733221, 1266, 1991, 2441, 463, 0, 9, 1
0, 1, 47607271561, 18653911212, 1172, 3716388, 655, 1930, 509, 500, 0, 9, 1
0, 1, 46896390258, 18352167806, 7049, 3659227, 865, 1005, 118, 257, 0, 9, 1
0, 1, 38858668317, 15194982280, 23939, 3292157, 585, 1834, 802, 569, 0, 9, 1
0, 1, 36063952652, 12797243390, 12410, 3112305, 994, 1411, 3786, 627, 0, 9, 1
0, 1, 33358941352, 12225894307, 1050, 3070552, 1119, 1938, 1931, 1262, 0, 9, 1
0, 1, 33954224600, 12237485839, 1070, 3142143, 1289, 988, 3406, 704, 0, 9, 1
0, 1, 33695482942, 11989136009, 1020, 2971523, 841, 1129, 2454, 561, 0, 9, 1
0, 1, 35487055936, 12450094942, 923, 3161598, 526, 1309, 1159, 1398, 0, 9, 1
0, 1, 35596885599, 12469525846, 1194, 3108935, 1802, 482, 1952, 860, 0, 9, 1
0, 1, 33979846684, 12299638213, 1044, 3182260, 1508, 869, 1713, 796, 0, 9, 1
0, 1, 32526282028, 12315835272, 1331, 3081600, 957, 694, 1170, 440, 0, 9, 1
0, 1, 33268883894, 12241754325, 1115, 3078438, 617, 708, 1718, 567, 0, 9, 1
