1, 0, 79787796849, 29298818939, 8269224, 15083380, 11510, 14886, 6046, 98, 820, 21, 1
1, 0, 81228617055, 30661791537, 8237157, 15953973, 8414, 18397, 7597, 80, 0, 21, 1
1, 0, 82623071051, 30608809124, 7907655, 15578952, 9986, 9415, 3942, 22, 0, 21, 1
1, 0, 83914282262, 30610715393, 8312954, 15818773, 12394, 14842, 0, 1528, 0, 21, 1
1, 0, 83679400315, 30649865698, 8390245, 15718080, 10230, 13556, 5806, 53, 0, 21, 1
1, 0, 83044514318, 30314952199, 8284924, 15705106, 6230, 10659, 32, 1743, 0, 21, 1
1, 0, 84875026837, 30551101449, 8346048, 15855160, 8224, 9556, 1829, 14, 0, 21, 1
1, 0, 82007320346, 30741424757, 7993788, 15948253, 8275, 13071, 13, 28, 0, 21, 1
1, 0, 84327833744, 30861014064, 8260690, 16068680, 5997, 10105, 1945, 1692, 0, 21, 1
1, 0, 85146293665, 30782138275, 8460930, 16225122, 5930, 9736, 0, 43, 0, 21, 1
1, 0, 84801656012, 30744111454, 8266621, 16150625, 6462, 9794, 4, 1848, 0, 21, 1
1, 0, 84640405876, 30611759603, 7984627, 16057620, 6498, 9492, 5905, 56, 0, 21, 1
1, 0, 85615612056, 30607797316, 8209755, 16193562, 6340, 10453, 1865, 30, 0, 21, 1
1, 0, 85640993548, 30494938844, 8147503, 16077674, 6457, 9797, 7828, 3470, 0, 21, 1
1, 0, 82637821984, 29913273558, 8155478, 16086085, 6057, 13497, 1756, 112, 0, 21, 1
1, 0, 84921334108, 30445181418, 8085681, 15835646, 6840, 9580, 9662, 3231, 0, 21, 1
1, 0, 84406541487, 30842646539, 7970785, 15756337, 8687, 8707, 4266, 27, 0, 21, 1
1, 0, 83308742203, 30138345694, 8120687, 15747332, 9344, 10267, 4151, 35, 0, 21, 1
1, 0, 83208424228, 30757942096, 8281610, 15721187, 7926, 8017, 3761, 67, 0, 21, 1
1, 0, 84443021820, 30317879159, 8079901, 15847196, 8185, 15137, 0, 32, 0, 21, 1
1, 0, 81587398970, 30016911120, 8211266, 15900600, 10924, 15357, 16, 11, 0, 21, 1
