1, 0, 47645084303, 18195137352, 1524377, 4456448, 3246, 6014, 33, 258, 128, 9, 1
1, 0, 51181255488, 20103357751, 1566214, 4282238, 4036, 6216, 155, 59, 0, 9, 1
1, 0, 51484388104, 20153741805, 1770097, 4439764, 4336, 6225, 16, 88, 0, 9, 1
1, 0, 48191129234, 19664247720, 1707885, 4489126, 3949, 5318, 131, 65, 0, 9, 1
1, 0, 50490076451, 19538810439, 1666429, 4379875, 4248, 5812, 543, 36, 0, 9, 1
1, 0, 50320156593, 19872877197, 1610162, 4237741, 4081, 6446, 77, 71, 0, 9, 1
1, 0, 49518573938, 19644836974, 1677369, 4596852, 4875, 6108, 30, 78, 0, 9, 1
1, 0, 50519091365, 19752771522, 1589004, 4459865, 3939, 7228, 64, 124, 0, 9, 1
1, 0, 49815151392, 19893278531, 1734985, 4498854, 4597, 8120, 59, 41, 0, 9, 1
1, 0, 53164482993, 20224467199, 1616478, 4438434, 4053, 8792, 32, 90, 0, 9, 1
1, 0, 50333343147, 18884216223, 1590837, 4279058, 3938, 7628, 1407, 25, 0, 9, 1
1, 0, 46122863122, 18596010598, 1559262, 4171120, 2864, 8412, 203, 68, 0, 9, 1
1, 0, 44929179490, 18166009394, 1570323, 4411084, 3796, 7721, 87, 60, 0, 9, 1
1, 0, 48874824797, 21172930261, 1748169, 4781416, 3647, 8808, 78, 42, 0, 9, 1
1, 0, 46875963808, 18808020134, 1497461, 4431032, 3962, 8316, 202, 40, 0, 9, 1
1, 0, 46016706133, 18347343269, 1613145, 4436628, 3579, 9589, 459, 108, 0, 9, 1
1, 0, 46709642919, 18493413290, 1502178, 4463980, 3457, 7494, 968, 81, 0, 9, 1
1, 0, 50466754345, 20333211265, 1695535, 4673884, 4925, 9029, 57, 71, 0, 9, 1
1, 0, 52165842542, 20646689325, 1588847, 4467243, 4424, 7919, 31, 135, 0, 9, 1
1, 0, 51563300848, 19184708368, 1628809, 4354017, 4283, 7400, 113, 99, 0, 9, 1
1, 0, 50334628192, 19683678828, 1499097, 4227415, 3805, 6944, 125, 42, 0, 9, 1
1, 0, 48205981932, 20246817604, 1637424, 4544027, 4087, 7093, 70, 85, 0, 9, 1
1, 0, 50077247438, 19851436454, 1601909, 4495997, 4074, 6524, 100, 84, 0, 9, 1
1, 0, 50883783753, 20100977779, 1565509, 4481357, 4115, 7539, 75, 316, 0, 9, 1
1, 0, 51247108127, 19826182220, 1539253, 4641393, 3876, 7694, 26, 83, 0, 9, 1
1, 0, 49061388318, 17624691303, 1895666, 4430773, 4076, 7051, 91, 87, 0, 9, 1
1, 0, 32682833337, 11596086055, 2098583, 4002966, 2849, 4546, 88, 101, 0, 9, 1
1, 0, 31675460673, 11514776610, 1979158, 3764699, 2083, 3709, 181, 134, 0, 9, 1
1, 0, 31890139165, 11958764593, 2037367, 3748382, 2224, 3882, 89, 59, 0, 9, 1
1, 0, 33956613050, 13222975139, 2167369, 3817307, 3353, 5089, 73, 78, 0, 9, 1
1, 0, 37783770409, 12977205368, 2099197, 4041355, 3485, 5417, 24, 61, 0, 9, 1
1, 0, 32940442571, 12412804147, 2251529, 3957290, 3728, 5981, 134, 122, 0, 9, 1
