1, 0, 72865228354, 27500262133, 7090443, 10849389, 9338, 13995, 6236, 134, 547, 17, 1
1, 0, 73593092811, 28047085270, 7399201, 10932196, 8108, 10993, 1896, 51, 0, 17, 1
1, 0, 76158831415, 28060241118, 7596040, 10986111, 7597, 10256, 1972, 56, 0, 17, 1
1, 0, 73525144550, 28169800331, 7175942, 10665610, 12493, 10392, 3950, 50, 0, 17, 1
1, 0, 74166414390, 27794086372, 7054361, 11000203, 9319, 11765, 2074, 3478, 0, 17, 1
1, 0, 76739829381, 27630625157, 6985024, 10537625, 8538, 10827, 1940, 75, 0, 17, 1
1, 0, 77440068771, 27907715410, 6939498, 10652047, 8305, 11394, 2006, 29, 0, 17, 1
1, 0, 77920757734, 27929034887, 6930476, 10741862, 8331, 11591, 4247, 50, 0, 17, 1
1, 0, 75670669065, 27049391425, 6804109, 10911606, 8840, 11165, 3, 70, 0, 17, 1
1, 0, 74614049133, 27197839287, 6932175, 10796751, 8695, 10950, 4211, 1839, 0, 17, 1
1, 0, 74898739543, 27736258106, 6900572, 10478596, 10158, 12976, 1655, 122, 0, 17, 1
1, 0, 75933338199, 27351786348, 6983305, 10686361, 12204, 14333, 5632, 1765, 0, 17, 1
1, 0, 78207000897, 28395745952, 7064842, 11224546, 13440, 11643, 66, 37, 0, 17, 1
1, 0, 78346169731, 28068237777, 7027309, 11111821, 9183, 11134, 1671, 62, 0, 17, 1
1, 0, 74824405642, 28035930752, 6990478, 11329279, 8712, 10882, 0, 37, 0, 17, 1
1, 0, 74380943328, 28023444450, 7023204, 11059604, 10664, 13891, 13, 33, 0, 17, 1
1, 0, 73213003213, 27411643570, 7022036, 11009405, 7976, 12979, 0, 46, 0, 17, 1
1, 0, 73419145860, 27974581523, 6951351, 10879104, 8491, 11839, 0, 53, 0, 17, 1
1, 0, 70969407862, 28115502819, 7055125, 10676715, 7880, 12078, 8, 1964, 0, 17, 1
1, 0, 72556831806, 27628440741, 7038872, 10889420, 8297, 11995, 3712, 80, 0, 17, 1
1, 0, 74861270344, 28057241315, 7221995, 11295584, 8935, 11544, 0, 1780, 0, 17, 1
