0, 1, 23909015633, 9360646431, 26514, 1949085, 342, 315, 813, 1180, 29, 5, 1
0, 1, 24805208967, 9669783517, 373, 2054312, 695, 1398, 1339, 514, 0, 5, 1
0, 1, 25862046456, 10030750754, 496, 1940379, 960, 626, 1849, 386, 0, 5, 1
0, 1, 24285709402, 9648188446, 544, 1903798, 453, 435, 1952, 735, 0, 5, 1
0, 1, 23694451128, 9318692462, 521, 1840604, 151, 309, 1027, 357, 0, 5, 1
0, 1, 25134363358, 9509882101, 375, 1920450, 523, 223, 1440, 2132, 0, 5, 1
0, 1, 24533709102, 9881162707, 550, 1912910, 150, 243, 3058, 775, 0, 5, 1
0, 1, 24194453844, 9558070231, 441, 1909700, 516, 445, 2128, 297, 0, 5, 1
0, 1, 24690382274, 9651749731, 503, 1890306, 581, 444, 1625, 525, 0, 5, 1
0, 1, 23866489931, 9522503784, 506, 1895736, 285, 778, 1977, 321, 0, 5, 1
0, 1, 24475170973, 9666772358, 541, 1913385, 322, 224, 1789, 568, 0, 5, 1
0, 1, 24440795089, 9407414895, 558, 1912122, 517, 489, 1892, 484, 0, 5, 1
0, 1, 25635156653, 9927030449, 496, 2018660, 264, 763, 1577, 320, 0, 5, 1
0, 1, 25510166981, 9685498040, 680, 1891712, 550, 256, 484, 633, 0, 5, 1
