1, 0, 21487716070, 8189562327, 4363, 1809520, 191, 13, 4513, 4270, 27, 5, 1
1, 0, 22994472027, 8765077018, 4515, 1825791, 234, 15, 90, 425, 0, 5, 1
1, 0, 23343538454, 8770171056, 4140, 1935241, 280, 17, 590, 89, 0, 5, 1
1, 0, 23625777848, 8777502123, 3811, 1881485, 276, 22, 60, 96, 0, 5, 1
1, 0, 22841901697, 8887071261, 3457, 1806519, 250, 0, 56, 39, 0, 5, 1
1, 0, 24976604305, 9585570611, 3560, 1982693, 354, 4, 70, 64, 0, 5, 1
1, 0, 23296941163, 8826986417, 4181, 1880798, 303, 16, 89, 53, 0, 5, 1
1, 0, 24528619451, 9122548297, 3745, 1839322, 281, 4, 110, 41, 0, 5, 1
1, 0, 23758774571, 9000441554, 4461, 1906221, 273, 4, 76, 36, 0, 5, 1
1, 0, 23095400315, 8805878404, 3789, 1853974, 186, 4, 3113, 404, 0, 5, 1
1, 0, 22680192207, 8957108201, 3516, 1904288, 218, 12, 388, 49, 0, 5, 1
1, 0, 23611563113, 9195267539, 4330, 1900492, 335, 13, 21, 31, 0, 5, 1
1, 0, 23268330281, 8809514335, 3854, 1905281, 236, 12, 79, 42, 0, 5, 1
1, 0, 24334192391, 9442879957, 3272, 1904516, 256, 9, 601, 69, 0, 5, 1
1, 0, 23384404838, 8949151700, 3547, 1875139, 287, 4, 1236, 48, 0, 5, 1
1, 0, 22768422743, 8969608879, 5682, 1878422, 315, 25, 37, 67, 0, 5, 1
1, 0, 23719411803, 9157106216, 4679, 1926983, 339, 65, 350, 69, 0, 5, 1
1, 0, 23544734685, 9021969695, 4954, 2049545, 371, 64, 34, 72, 0, 5, 1
1, 0, 24404032976, 8797690116, 3938, 1949905, 250, 67, 45, 62, 0, 5, 1
1, 0, 22425624957, 8806760688, 4225, 1929793, 270, 21, 436, 29, 0, 5, 1
1, 0, 23465962919, 8759668399, 4572, 1947002, 201, 34, 379, 65, 0, 5, 1
1, 0, 24302924097, 9070157280, 4904, 1933691, 288, 35, 90, 64, 0, 5, 1
1, 0, 23859537385, 8631000556, 3609, 1869701, 260, 25, 36, 75, 0, 5, 1
1, 0, 23367009413, 9205049423, 4342, 1918490, 266, 8, 92, 81, 0, 5, 1
1, 0, 24047019874, 8950778203, 4725, 1903342, 326, 60, 1731, 80, 0, 5, 1
1, 0, 21521374368, 7945334333, 5704, 1923918, 254, 47, 1082, 97, 0, 5, 1
1, 0, 15883070350, 5706343409, 10364, 1532068, 224, 15, 60, 70, 0, 5, 1
1, 0, 16016942629, 5762246733, 9177, 1498534, 163, 0, 33, 35, 0, 5, 1
1, 0, 15890754705, 5641691241, 9256, 1446977, 228, 24, 36, 40, 0, 5, 1
1, 0, 15768987446, 5597185756, 9121, 1484037, 170, 12, 500, 51, 0, 5, 1
1, 0, 15331418842, 5684355386, 10918, 1630917, 197, 8, 240, 41, 0, 5, 1
1, 0, 15994828980, 5864119031, 10899, 1593762, 282, 9, 42, 53, 0, 5, 1
1, 0, 15511907530, 5718768896, 12170, 1530099, 265, 157, 67, 36, 0, 5, 1
1, 0, 15251869833, 5653699705, 13705, 1563673, 865, 110, 41, 112, 0, 5, 1
