0, 1, 92369364025, 35768898192, 64156, 7391369, 634, 4786, 12864, 1059, 468, 17, 1
0, 1, 96616641349, 36686734839, 33804, 7563997, 328, 704, 503, 714, 0, 17, 1
0, 1, 91664927588, 36334767981, 33227, 7396534, 303, 700, 837, 341, 0, 17, 1
0, 1, 92811459741, 35584011642, 35167, 7493138, 292, 660, 246, 834, 0, 17, 1
0, 1, 94060033729, 36587850283, 35612, 7436747, 290, 1087, 639, 241, 0, 17, 1
0, 1, 92062481976, 36408804620, 32988, 7254464, 378, 812, 336, 446, 0, 17, 1
0, 1, 93629475365, 36501074360, 32851, 7336843, 401, 876, 138, 366, 0, 17, 1
0, 1, 93292304583, 36902318331, 31663, 7445600, 348, 735, 201, 419, 0, 17, 1
0, 1, 97637274840, 36814307572, 33897, 7566771, 329, 720, 179, 393, 0, 17, 1
0, 1, 92417789626, 35864123975, 33363, 7259580, 269, 708, 281, 337, 0, 17, 1
0, 1, 93722076906, 36055511658, 31937, 7595359, 382, 722, 196, 395, 0, 17, 1
0, 1, 94098842327, 36948241347, 33816, 7277106, 517, 889, 280, 393, 0, 17, 1
0, 1, 96097154046, 36478625168, 33401, 7346454, 392, 738, 215, 365, 0, 17, 1
0, 1, 95844119026, 37234696575, 34889, 7690240, 357, 810, 375, 301, 0, 17, 1
0, 1, 95406669975, 37085254405, 94934, 7750586, 2554, 3214, 120, 357, 0, 17, 1
0, 1, 95764357986, 37424741489, 64652, 7620336, 3046, 1195, 454, 343, 0, 17, 1
0, 1, 98943730504, 37607161674, 56264, 7738926, 2149, 2698, 862, 1014, 0, 17, 1
0, 1, 95953309707, 36034692186, 124185, 7710735, 1143, 1322, 343, 350, 0, 17, 1
0, 1, 100750680598, 38040036460, 36357, 7634456, 403, 1098, 183, 271, 0, 17, 1
