0, 1, 3047610148, 328998693, 10402030, 14758187, 7912, 168943, 580038, 3044473, 1, 17, 0
0, 1, 3090814045, 329961463, 10201447, 14762526, 8431, 170175, 591742, 3058259, 0, 17, 0
0, 1, 3082363356, 328344967, 10090717, 14914575, 9046, 175786, 568895, 3033782, 0, 17, 0
0, 1, 3069377937, 328984438, 10313869, 15167595, 8358, 180393, 582958, 3112658, 0, 17, 0
0, 1, 3090137669, 330616325, 10014871, 14700878, 8607, 163984, 561297, 3082454, 0, 17, 0
0, 1, 3116459250, 330658536, 10187901, 14739103, 15764, 167855, 558815, 3049306, 0, 17, 0
0, 1, 3252718299, 337456892, 10126708, 15024448, 61044, 266366, 615280, 2997392, 0, 17, 0
0, 1, 3159139947, 336095665, 10124118, 15223550, 8335, 166685, 567231, 3097454, 0, 17, 0
0, 1, 3137975750, 331506563, 10229245, 14850783, 20019, 151283, 511925, 2808234, 0, 17, 0
0, 1, 3157840622, 334800101, 10516761, 15177258, 10357, 149772, 536396, 2907322, 0, 17, 0
0, 1, 3100691006, 330572638, 10131357, 14712418, 24490, 145743, 494736, 2951841, 0, 17, 0
