0, 1, 123613312372, 46989130600, 220927, 9526528, 993, 1365, 4859, 1484, 524, 21, 1
0, 1, 120593230125, 48308425178, 183447, 9747389, 962, 1869, 218, 420, 0, 21, 1
0, 1, 120691305785, 47191171597, 166958, 9535981, 922, 1430, 579, 325, 0, 21, 1
0, 1, 119849495290, 47726242131, 156349, 9521299, 1052, 1429, 266, 478, 0, 21, 1
0, 1, 123589650144, 47970691439, 146125, 9555919, 817, 1557, 389, 371, 0, 21, 1
0, 1, 121650546939, 47046678258, 142788, 9444939, 822, 1418, 301, 477, 0, 21, 1
0, 1, 121726103565, 46940682523, 145181, 9779772, 877, 1482, 541, 394, 0, 21, 1
0, 1, 121354192366, 47384665824, 140276, 9595499, 795, 1548, 2983, 1409, 0, 21, 1
0, 1, 121588028422, 47150093678, 141420, 9531984, 826, 1397, 4984, 1046, 0, 21, 1
0, 1, 121087361308, 47481217663, 148528, 9688729, 965, 1785, 1037, 355, 0, 21, 1
0, 1, 120947124444, 46621655862, 155839, 9704757, 1100, 1559, 329, 518, 0, 21, 1
0, 1, 120910639188, 47464234415, 154940, 9563086, 940, 1317, 317, 420, 0, 21, 1
0, 1, 124802471925, 48664638136, 166486, 9581098, 903, 1562, 202, 277, 0, 21, 1
0, 1, 119755423208, 47164253221, 206726, 9563004, 790, 1732, 662, 654, 0, 21, 1
0, 1, 124441984231, 47463323467, 164268, 9701225, 1619, 1483, 525, 675, 0, 21, 1
0, 1, 122150004736, 47232454659, 147592, 9737894, 2303, 1412, 204, 611, 0, 21, 1
0, 1, 124894388168, 47914802002, 155620, 10253898, 1946, 2094, 835, 373, 0, 21, 1
0, 1, 122366706324, 47692862981, 155200, 9676295, 828, 1392, 260, 405, 0, 21, 1
0, 1, 122139609655, 47395881424, 153615, 9823233, 959, 1194, 943, 343, 0, 21, 1
0, 1, 122926309108, 47632015928, 151664, 9537741, 879, 1445, 1493, 756, 0, 21, 1
0, 1, 122052207121, 46973965129, 160268, 9573746, 964, 1298, 827, 711, 0, 21, 1
0, 1, 122499399119, 47449152828, 155387, 9636182, 951, 1470, 623, 383, 0, 21, 1
0, 1, 121962793550, 47367897025, 162459, 9616213, 914, 1459, 450, 398, 0, 21, 1
0, 1, 119597949184, 46584765395, 153801, 9547372, 961, 1492, 469, 391, 0, 21, 1
0, 1, 124186369688, 47768849908, 153476, 9663304, 988, 1420, 203, 405, 0, 21, 1
0, 1, 103275892727, 38977706167, 237375, 8920237, 1001, 1286, 175, 377, 0, 21, 1
0, 1, 87169358219, 31249036694, 248005, 7990595, 1076, 1356, 72, 358, 0, 21, 1
0, 1, 83202267363, 30608308675, 230494, 7933751, 1053, 1003, 209, 311, 0, 21, 1
0, 1, 85082034322, 30481505414, 244033, 7985578, 789, 1097, 505, 287, 0, 21, 1
0, 1, 83970634877, 30299926617, 236444, 7826707, 1074, 1123, 134, 346, 0, 21, 1
0, 1, 83434195163, 30735095258, 224744, 7761898, 1225, 1175, 101, 522, 0, 21, 1
0, 1, 82404132089, 30610324528, 303490, 7893005, 1286, 1225, 33, 388, 0, 21, 1
0, 1, 82252267373, 30543316734, 318867, 8071706, 1130, 1266, 63, 394, 0, 21, 1
0, 1, 82727970879, 30335969136, 242258, 7903742, 1057, 1036, 71, 365, 0, 21, 1
0, 1, 83304848419, 30407228373, 235652, 7878097, 881, 1154, 88, 364, 0, 21, 1
0, 1, 82739444906, 30645072407, 236725, 7912175, 872, 1234, 84, 309, 0, 21, 1
0, 1, 82771843806, 30549877785, 228109, 7928244, 811, 996, 189, 265, 0, 21, 1
0, 1, 80475276430, 29939293298, 224357, 8051593, 1039, 1037, 81, 375, 0, 21, 1
0, 1, 81641487826, 30042480134, 225528, 7992689, 1154, 1165, 100, 415, 0, 21, 1
0, 1, 81446581965, 30067710152, 217685, 7692604, 1018, 980, 89, 327, 0, 21, 1
0, 1, 82937759647, 30538903542, 218018, 7814673, 959, 1035, 127, 361, 0, 21, 1
0, 1, 85240867509, 30563746944, 219241, 7981915, 981, 1179, 133, 392, 0, 21, 1
0, 1, 84432080596, 30693020071, 229618, 7915610, 831, 1120, 237, 411, 0, 21, 1
0, 1, 82288479624, 30357253678, 223449, 7953806, 665, 977, 487, 488, 0, 21, 1
0, 1, 83734034141, 30645065497, 221122, 8012817, 681, 974, 243, 464, 0, 21, 1
0, 1, 82903951091, 30374630246, 212638, 7794381, 1007, 1082, 127, 384, 0, 21, 1
0, 1, 84042898143, 30488212509, 221284, 7964160, 984, 1017, 65, 350, 0, 21, 1
