1, 0, 4961972027, 491542824, 38309, 44220750, 47056, 34466, 26566, 6582, 1, 21, 0
1, 0, 4935209814, 499325445, 986, 45595961, 48688, 73780, 21599, 28900, 0, 21, 0
1, 0, 4913504670, 484544572, 5035, 43605966, 46043, 44690, 53700, 17705, 12, 21, 0
1, 0, 4926731361, 483633376, 13245, 45899740, 66059, 27607, 22948, 6062, 0, 21, 0
1, 0, 5058991887, 519200402, 846, 45584964, 49784, 32314, 78070, 9117, 0, 21, 0
1, 0, 5162764411, 506515284, 11637, 46231280, 85162, 49371, 28970, 355, 0, 21, 0
1, 0, 5063102573, 507500956, 996, 46466976, 53327, 32293, 53404, 1431, 0, 21, 0
1, 0, 5250792807, 513835675, 847, 46256120, 71008, 74281, 58459, 4095, 0, 21, 0
1, 0, 5129745698, 510369393, 967, 45289371, 36947, 54647, 77422, 5455, 0, 21, 0
1, 0, 4987190499, 503942161, 690, 45617630, 29840, 45331, 31949, 8007, 0, 21, 0
1, 0, 4970911484, 512522981, 3054, 45120023, 46558, 5268, 43305, 255, 0, 21, 0
1, 0, 5081327994, 509575340, 1056, 45956121, 35768, 24502, 56263, 11183, 0, 21, 0
1, 0, 4964531846, 507433272, 862, 46319846, 59478, 27566, 38296, 4028, 0, 21, 0
