2:      2.6872038209985476      4.072603694992722       4.085519708998618
3:      4.542138960008742       8.38799967399973        8.560478291998152
4:      5.999422823006171       11.697865628011641      10.928239781002048
5:      7.691746263997629       12.096710550991702      13.397641046001809
6:      7.980760023987386       15.283287722995738      16.091571051001665
7:      10.394141810000292      18.4733037709957        17.922733415995026
8:      11.65286618800019       20.83047249399533       20.878774348006118
9:      12.132545678003225      22.115581028003362      21.895307779996074
10:     13.552267420003773      25.02258689700102       24.825787542999024
11:     15.650683984000352      27.663985068007605      28.091112622001674
12:     16.372927782998886      29.4155381990131        29.34393183499924
13:     17.002641683007823      31.43451017299958       32.598185237002326
14:     20.800134493008954      34.77719833899755       35.48227292900265
15:     24.58710854400124       37.37173307100602       38.49793012699229
16:     26.799785956012784      39.35157579499355       40.98815863599884
17:     29.51094324499718       40.87954407799407       42.142061441001715
18:     28.872509297012584      44.01911487299367       44.540865395989385
19:     33.826646804998745      47.72305069900176       48.38221505700494
20:     36.4193249020027        49.02206954100984       47.43485476900241
