1, 0, 72865228354, 27500262133, 7090443, 10849389, 9338, 13995, 6236, 134, 547, 17, 1
1, 0, 73593092811, 28047085270, 7399201, 10932196, 8108, 10993, 1896, 51, 0, 17, 1
1, 0, 76158831415, 28060241118, 7596040, 10986111, 7597, 10256, 1972, 56, 0, 17, 1
1, 0, 73525144550, 28169800331, 7175942, 10665610, 12493, 10392, 3950, 50, 0, 17, 1
1, 0, 74166414390, 27794086372, 7054361, 11000203, 9319, 11765, 2074, 3478, 0, 17, 1
1, 0, 76739829381, 27630625157, 6985024, 10537625, 8538, 10827, 1940, 75, 0, 17, 1
1, 0, 77440068771, 27907715410, 6939498, 10652047, 8305, 11394, 2006, 29, 0, 17, 1
1, 0, 77920757734, 27929034887, 6930476, 10741862, 8331, 11591, 4247, 50, 0, 17, 1
1, 0, 75670669065, 27049391425, 6804109, 10911606, 8840, 11165, 3, 70, 0, 17, 1
1, 0, 74614049133, 27197839287, 6932175, 10796751, 8695, 10950, 4211, 1839, 0, 17, 1
1, 0, 74898739543, 27736258106, 6900572, 10478596, 10158, 12976, 1655, 122, 0, 17, 1
1, 0, 75933338199, 27351786348, 6983305, 10686361, 12204, 14333, 5632, 1765, 0, 17, 1
1, 0, 78207000897, 28395745952, 7064842, 11224546, 13440, 11643, 66, 37, 0, 17, 1
1, 0, 78346169731, 28068237777, 7027309, 11111821, 9183, 11134, 1671, 62, 0, 17, 1
1, 0, 74824405642, 28035930752, 6990478, 11329279, 8712, 10882, 0, 37, 0, 17, 1
1, 0, 74380943328, 28023444450, 7023204, 11059604, 10664, 13891, 13, 33, 0, 17, 1
1, 0, 73213003213, 27411643570, 7022036, 11009405, 7976, 12979, 0, 46, 0, 17, 1
1, 0, 73419145860, 27974581523, 6951351, 10879104, 8491, 11839, 0, 53, 0, 17, 1
1, 0, 70969407862, 28115502819, 7055125, 10676715, 7880, 12078, 8, 1964, 0, 17, 1
1, 0, 72556831806, 27628440741, 7038872, 10889420, 8297, 11995, 3712, 80, 0, 17, 1
1, 0, 74861270344, 28057241315, 7221995, 11295584, 8935, 11544, 0, 1780, 0, 17, 1
1, 0, 4921745378, 503053379, 38526, 44098174, 138014, 81381, 68979, 12291, 1, 17, 0
1, 0, 5091106450, 529414220, 1644, 46515194, 71468, 32225, 35003, 9340, 0, 17, 0
1, 0, 5214372927, 547020721, 1664, 46597698, 33408, 14983, 15670, 4992, 0, 17, 0
1, 0, 5522151571, 568728339, 1660, 48879740, 26342, 15686, 37172, 14487, 0, 17, 0
1, 0, 5131409782, 541604295, 1803, 46951207, 26650, 14096, 35337, 10914, 0, 17, 0
1, 0, 5081117361, 540747435, 1508, 44684249, 23179, 11114, 61527, 9826, 0, 17, 0
1, 0, 5059921672, 526325120, 1485, 44348812, 16912, 11742, 35596, 9889, 0, 17, 0
1, 0, 5030495045, 525938091, 1612, 43847366, 43755, 12519, 18109, 35128, 0, 17, 0
1, 0, 5016920474, 538967061, 1511, 43467284, 24403, 27348, 14351, 24206, 0, 17, 0
1, 0, 79787796849, 29298818939, 8269224, 15083380, 11510, 14886, 6046, 98, 820, 21, 1
1, 0, 81228617055, 30661791537, 8237157, 15953973, 8414, 18397, 7597, 80, 0, 21, 1
1, 0, 82623071051, 30608809124, 7907655, 15578952, 9986, 9415, 3942, 22, 0, 21, 1
1, 0, 83914282262, 30610715393, 8312954, 15818773, 12394, 14842, 0, 1528, 0, 21, 1
1, 0, 83679400315, 30649865698, 8390245, 15718080, 10230, 13556, 5806, 53, 0, 21, 1
1, 0, 83044514318, 30314952199, 8284924, 15705106, 6230, 10659, 32, 1743, 0, 21, 1
1, 0, 84875026837, 30551101449, 8346048, 15855160, 8224, 9556, 1829, 14, 0, 21, 1
1, 0, 82007320346, 30741424757, 7993788, 15948253, 8275, 13071, 13, 28, 0, 21, 1
1, 0, 84327833744, 30861014064, 8260690, 16068680, 5997, 10105, 1945, 1692, 0, 21, 1
1, 0, 85146293665, 30782138275, 8460930, 16225122, 5930, 9736, 0, 43, 0, 21, 1
1, 0, 84801656012, 30744111454, 8266621, 16150625, 6462, 9794, 4, 1848, 0, 21, 1
1, 0, 84640405876, 30611759603, 7984627, 16057620, 6498, 9492, 5905, 56, 0, 21, 1
1, 0, 85615612056, 30607797316, 8209755, 16193562, 6340, 10453, 1865, 30, 0, 21, 1
1, 0, 85640993548, 30494938844, 8147503, 16077674, 6457, 9797, 7828, 3470, 0, 21, 1
1, 0, 82637821984, 29913273558, 8155478, 16086085, 6057, 13497, 1756, 112, 0, 21, 1
1, 0, 84921334108, 30445181418, 8085681, 15835646, 6840, 9580, 9662, 3231, 0, 21, 1
1, 0, 84406541487, 30842646539, 7970785, 15756337, 8687, 8707, 4266, 27, 0, 21, 1
1, 0, 83308742203, 30138345694, 8120687, 15747332, 9344, 10267, 4151, 35, 0, 21, 1
1, 0, 83208424228, 30757942096, 8281610, 15721187, 7926, 8017, 3761, 67, 0, 21, 1
1, 0, 84443021820, 30317879159, 8079901, 15847196, 8185, 15137, 0, 32, 0, 21, 1
1, 0, 81587398970, 30016911120, 8211266, 15900600, 10924, 15357, 16, 11, 0, 21, 1
1, 0, 4961972027, 491542824, 38309, 44220750, 47056, 34466, 26566, 6582, 1, 21, 0
1, 0, 4935209814, 499325445, 986, 45595961, 48688, 73780, 21599, 28900, 0, 21, 0
1, 0, 4913504670, 484544572, 5035, 43605966, 46043, 44690, 53700, 17705, 12, 21, 0
1, 0, 4926731361, 483633376, 13245, 45899740, 66059, 27607, 22948, 6062, 0, 21, 0
1, 0, 5058991887, 519200402, 846, 45584964, 49784, 32314, 78070, 9117, 0, 21, 0
1, 0, 5162764411, 506515284, 11637, 46231280, 85162, 49371, 28970, 355, 0, 21, 0
1, 0, 5063102573, 507500956, 996, 46466976, 53327, 32293, 53404, 1431, 0, 21, 0
1, 0, 5250792807, 513835675, 847, 46256120, 71008, 74281, 58459, 4095, 0, 21, 0
1, 0, 5129745698, 510369393, 967, 45289371, 36947, 54647, 77422, 5455, 0, 21, 0
1, 0, 4987190499, 503942161, 690, 45617630, 29840, 45331, 31949, 8007, 0, 21, 0
1, 0, 4970911484, 512522981, 3054, 45120023, 46558, 5268, 43305, 255, 0, 21, 0
1, 0, 5081327994, 509575340, 1056, 45956121, 35768, 24502, 56263, 11183, 0, 21, 0
1, 0, 4964531846, 507433272, 862, 46319846, 59478, 27566, 38296, 4028, 0, 21, 0
1, 0, 21487716070, 8189562327, 4363, 1809520, 191, 13, 4513, 4270, 27, 5, 1
1, 0, 22994472027, 8765077018, 4515, 1825791, 234, 15, 90, 425, 0, 5, 1
1, 0, 23343538454, 8770171056, 4140, 1935241, 280, 17, 590, 89, 0, 5, 1
1, 0, 23625777848, 8777502123, 3811, 1881485, 276, 22, 60, 96, 0, 5, 1
1, 0, 22841901697, 8887071261, 3457, 1806519, 250, 0, 56, 39, 0, 5, 1
1, 0, 24976604305, 9585570611, 3560, 1982693, 354, 4, 70, 64, 0, 5, 1
1, 0, 23296941163, 8826986417, 4181, 1880798, 303, 16, 89, 53, 0, 5, 1
1, 0, 24528619451, 9122548297, 3745, 1839322, 281, 4, 110, 41, 0, 5, 1
1, 0, 23758774571, 9000441554, 4461, 1906221, 273, 4, 76, 36, 0, 5, 1
1, 0, 23095400315, 8805878404, 3789, 1853974, 186, 4, 3113, 404, 0, 5, 1
1, 0, 22680192207, 8957108201, 3516, 1904288, 218, 12, 388, 49, 0, 5, 1
1, 0, 23611563113, 9195267539, 4330, 1900492, 335, 13, 21, 31, 0, 5, 1
1, 0, 23268330281, 8809514335, 3854, 1905281, 236, 12, 79, 42, 0, 5, 1
1, 0, 24334192391, 9442879957, 3272, 1904516, 256, 9, 601, 69, 0, 5, 1
1, 0, 23384404838, 8949151700, 3547, 1875139, 287, 4, 1236, 48, 0, 5, 1
1, 0, 22768422743, 8969608879, 5682, 1878422, 315, 25, 37, 67, 0, 5, 1
1, 0, 23719411803, 9157106216, 4679, 1926983, 339, 65, 350, 69, 0, 5, 1
1, 0, 23544734685, 9021969695, 4954, 2049545, 371, 64, 34, 72, 0, 5, 1
1, 0, 24404032976, 8797690116, 3938, 1949905, 250, 67, 45, 62, 0, 5, 1
1, 0, 22425624957, 8806760688, 4225, 1929793, 270, 21, 436, 29, 0, 5, 1
1, 0, 23465962919, 8759668399, 4572, 1947002, 201, 34, 379, 65, 0, 5, 1
1, 0, 24302924097, 9070157280, 4904, 1933691, 288, 35, 90, 64, 0, 5, 1
1, 0, 23859537385, 8631000556, 3609, 1869701, 260, 25, 36, 75, 0, 5, 1
1, 0, 23367009413, 9205049423, 4342, 1918490, 266, 8, 92, 81, 0, 5, 1
1, 0, 24047019874, 8950778203, 4725, 1903342, 326, 60, 1731, 80, 0, 5, 1
1, 0, 21521374368, 7945334333, 5704, 1923918, 254, 47, 1082, 97, 0, 5, 1
1, 0, 15883070350, 5706343409, 10364, 1532068, 224, 15, 60, 70, 0, 5, 1
1, 0, 16016942629, 5762246733, 9177, 1498534, 163, 0, 33, 35, 0, 5, 1
1, 0, 15890754705, 5641691241, 9256, 1446977, 228, 24, 36, 40, 0, 5, 1
1, 0, 15768987446, 5597185756, 9121, 1484037, 170, 12, 500, 51, 0, 5, 1
1, 0, 15331418842, 5684355386, 10918, 1630917, 197, 8, 240, 41, 0, 5, 1
1, 0, 15994828980, 5864119031, 10899, 1593762, 282, 9, 42, 53, 0, 5, 1
1, 0, 15511907530, 5718768896, 12170, 1530099, 265, 157, 67, 36, 0, 5, 1
1, 0, 15251869833, 5653699705, 13705, 1563673, 865, 110, 41, 112, 0, 5, 1
1, 0, 4639642247, 510045175, 1151, 35114462, 285, 12, 625, 186, 1, 5, 0
1, 0, 5643242718, 582402969, 861, 38692327, 365, 30, 615, 371, 0, 5, 0
1, 0, 5109017955, 536710148, 684, 36659714, 209, 30, 45430, 128, 0, 5, 0
1, 0, 4955262062, 517872210, 702, 37074040, 191, 57, 180350, 84, 0, 5, 0
1, 0, 47645084303, 18195137352, 1524377, 4456448, 3246, 6014, 33, 258, 128, 9, 1
1, 0, 51181255488, 20103357751, 1566214, 4282238, 4036, 6216, 155, 59, 0, 9, 1
1, 0, 51484388104, 20153741805, 1770097, 4439764, 4336, 6225, 16, 88, 0, 9, 1
1, 0, 48191129234, 19664247720, 1707885, 4489126, 3949, 5318, 131, 65, 0, 9, 1
1, 0, 50490076451, 19538810439, 1666429, 4379875, 4248, 5812, 543, 36, 0, 9, 1
1, 0, 50320156593, 19872877197, 1610162, 4237741, 4081, 6446, 77, 71, 0, 9, 1
1, 0, 49518573938, 19644836974, 1677369, 4596852, 4875, 6108, 30, 78, 0, 9, 1
1, 0, 50519091365, 19752771522, 1589004, 4459865, 3939, 7228, 64, 124, 0, 9, 1
1, 0, 49815151392, 19893278531, 1734985, 4498854, 4597, 8120, 59, 41, 0, 9, 1
1, 0, 53164482993, 20224467199, 1616478, 4438434, 4053, 8792, 32, 90, 0, 9, 1
1, 0, 50333343147, 18884216223, 1590837, 4279058, 3938, 7628, 1407, 25, 0, 9, 1
1, 0, 46122863122, 18596010598, 1559262, 4171120, 2864, 8412, 203, 68, 0, 9, 1
1, 0, 44929179490, 18166009394, 1570323, 4411084, 3796, 7721, 87, 60, 0, 9, 1
1, 0, 48874824797, 21172930261, 1748169, 4781416, 3647, 8808, 78, 42, 0, 9, 1
1, 0, 46875963808, 18808020134, 1497461, 4431032, 3962, 8316, 202, 40, 0, 9, 1
1, 0, 46016706133, 18347343269, 1613145, 4436628, 3579, 9589, 459, 108, 0, 9, 1
1, 0, 46709642919, 18493413290, 1502178, 4463980, 3457, 7494, 968, 81, 0, 9, 1
1, 0, 50466754345, 20333211265, 1695535, 4673884, 4925, 9029, 57, 71, 0, 9, 1
1, 0, 52165842542, 20646689325, 1588847, 4467243, 4424, 7919, 31, 135, 0, 9, 1
1, 0, 51563300848, 19184708368, 1628809, 4354017, 4283, 7400, 113, 99, 0, 9, 1
1, 0, 50334628192, 19683678828, 1499097, 4227415, 3805, 6944, 125, 42, 0, 9, 1
1, 0, 48205981932, 20246817604, 1637424, 4544027, 4087, 7093, 70, 85, 0, 9, 1
1, 0, 50077247438, 19851436454, 1601909, 4495997, 4074, 6524, 100, 84, 0, 9, 1
1, 0, 50883783753, 20100977779, 1565509, 4481357, 4115, 7539, 75, 316, 0, 9, 1
1, 0, 51247108127, 19826182220, 1539253, 4641393, 3876, 7694, 26, 83, 0, 9, 1
1, 0, 49061388318, 17624691303, 1895666, 4430773, 4076, 7051, 91, 87, 0, 9, 1
1, 0, 32682833337, 11596086055, 2098583, 4002966, 2849, 4546, 88, 101, 0, 9, 1
1, 0, 31675460673, 11514776610, 1979158, 3764699, 2083, 3709, 181, 134, 0, 9, 1
1, 0, 31890139165, 11958764593, 2037367, 3748382, 2224, 3882, 89, 59, 0, 9, 1
1, 0, 33956613050, 13222975139, 2167369, 3817307, 3353, 5089, 73, 78, 0, 9, 1
1, 0, 37783770409, 12977205368, 2099197, 4041355, 3485, 5417, 24, 61, 0, 9, 1
1, 0, 32940442571, 12412804147, 2251529, 3957290, 3728, 5981, 134, 122, 0, 9, 1
1, 0, 5115511918, 524388957, 15564, 40088795, 101782300, 473, 255407, 22980, 5, 9, 0
1, 0, 5569490936, 604862615, 1607, 42043811, 369, 387, 576, 200, 0, 9, 0
1, 0, 5630953422, 608151935, 1856, 45183560, 500, 666, 456, 343, 0, 9, 0
1, 0, 5970376395, 630618939, 1901, 45935625, 494, 549, 356, 266, 0, 9, 0
1, 0, 5567206553, 584421783, 1649, 45248018, 101782238, 26189, 547, 207, 0, 9, 0
1, 0, 5388989921, 542766621, 1395, 43517093, 25913, 52553, 508, 156, 0, 9, 0
1, 0, 5192346903, 536914738, 1310, 41659090, 52091, 26537, 362, 129, 0, 9, 0
0, 1, 92369364025, 35768898192, 64156, 7391369, 634, 4786, 12864, 1059, 468, 17, 1
0, 1, 96616641349, 36686734839, 33804, 7563997, 328, 704, 503, 714, 0, 17, 1
0, 1, 91664927588, 36334767981, 33227, 7396534, 303, 700, 837, 341, 0, 17, 1
0, 1, 92811459741, 35584011642, 35167, 7493138, 292, 660, 246, 834, 0, 17, 1
0, 1, 94060033729, 36587850283, 35612, 7436747, 290, 1087, 639, 241, 0, 17, 1
0, 1, 92062481976, 36408804620, 32988, 7254464, 378, 812, 336, 446, 0, 17, 1
0, 1, 93629475365, 36501074360, 32851, 7336843, 401, 876, 138, 366, 0, 17, 1
0, 1, 93292304583, 36902318331, 31663, 7445600, 348, 735, 201, 419, 0, 17, 1
0, 1, 97637274840, 36814307572, 33897, 7566771, 329, 720, 179, 393, 0, 17, 1
0, 1, 92417789626, 35864123975, 33363, 7259580, 269, 708, 281, 337, 0, 17, 1
0, 1, 93722076906, 36055511658, 31937, 7595359, 382, 722, 196, 395, 0, 17, 1
0, 1, 94098842327, 36948241347, 33816, 7277106, 517, 889, 280, 393, 0, 17, 1
0, 1, 96097154046, 36478625168, 33401, 7346454, 392, 738, 215, 365, 0, 17, 1
0, 1, 95844119026, 37234696575, 34889, 7690240, 357, 810, 375, 301, 0, 17, 1
0, 1, 95406669975, 37085254405, 94934, 7750586, 2554, 3214, 120, 357, 0, 17, 1
0, 1, 95764357986, 37424741489, 64652, 7620336, 3046, 1195, 454, 343, 0, 17, 1
0, 1, 98943730504, 37607161674, 56264, 7738926, 2149, 2698, 862, 1014, 0, 17, 1
0, 1, 95953309707, 36034692186, 124185, 7710735, 1143, 1322, 343, 350, 0, 17, 1
0, 1, 100750680598, 38040036460, 36357, 7634456, 403, 1098, 183, 271, 0, 17, 1
0, 1, 3047610148, 328998693, 10402030, 14758187, 7912, 168943, 580038, 3044473, 1, 17, 0
0, 1, 3090814045, 329961463, 10201447, 14762526, 8431, 170175, 591742, 3058259, 0, 17, 0
0, 1, 3082363356, 328344967, 10090717, 14914575, 9046, 175786, 568895, 3033782, 0, 17, 0
0, 1, 3069377937, 328984438, 10313869, 15167595, 8358, 180393, 582958, 3112658, 0, 17, 0
0, 1, 3090137669, 330616325, 10014871, 14700878, 8607, 163984, 561297, 3082454, 0, 17, 0
0, 1, 3116459250, 330658536, 10187901, 14739103, 15764, 167855, 558815, 3049306, 0, 17, 0
0, 1, 3252718299, 337456892, 10126708, 15024448, 61044, 266366, 615280, 2997392, 0, 17, 0
0, 1, 3159139947, 336095665, 10124118, 15223550, 8335, 166685, 567231, 3097454, 0, 17, 0
0, 1, 3137975750, 331506563, 10229245, 14850783, 20019, 151283, 511925, 2808234, 0, 17, 0
0, 1, 3157840622, 334800101, 10516761, 15177258, 10357, 149772, 536396, 2907322, 0, 17, 0
0, 1, 3100691006, 330572638, 10131357, 14712418, 24490, 145743, 494736, 2951841, 0, 17, 0
0, 1, 123613312372, 46989130600, 220927, 9526528, 993, 1365, 4859, 1484, 524, 21, 1
0, 1, 120593230125, 48308425178, 183447, 9747389, 962, 1869, 218, 420, 0, 21, 1
0, 1, 120691305785, 47191171597, 166958, 9535981, 922, 1430, 579, 325, 0, 21, 1
0, 1, 119849495290, 47726242131, 156349, 9521299, 1052, 1429, 266, 478, 0, 21, 1
0, 1, 123589650144, 47970691439, 146125, 9555919, 817, 1557, 389, 371, 0, 21, 1
0, 1, 121650546939, 47046678258, 142788, 9444939, 822, 1418, 301, 477, 0, 21, 1
0, 1, 121726103565, 46940682523, 145181, 9779772, 877, 1482, 541, 394, 0, 21, 1
0, 1, 121354192366, 47384665824, 140276, 9595499, 795, 1548, 2983, 1409, 0, 21, 1
0, 1, 121588028422, 47150093678, 141420, 9531984, 826, 1397, 4984, 1046, 0, 21, 1
0, 1, 121087361308, 47481217663, 148528, 9688729, 965, 1785, 1037, 355, 0, 21, 1
0, 1, 120947124444, 46621655862, 155839, 9704757, 1100, 1559, 329, 518, 0, 21, 1
0, 1, 120910639188, 47464234415, 154940, 9563086, 940, 1317, 317, 420, 0, 21, 1
0, 1, 124802471925, 48664638136, 166486, 9581098, 903, 1562, 202, 277, 0, 21, 1
0, 1, 119755423208, 47164253221, 206726, 9563004, 790, 1732, 662, 654, 0, 21, 1
0, 1, 124441984231, 47463323467, 164268, 9701225, 1619, 1483, 525, 675, 0, 21, 1
0, 1, 122150004736, 47232454659, 147592, 9737894, 2303, 1412, 204, 611, 0, 21, 1
0, 1, 124894388168, 47914802002, 155620, 10253898, 1946, 2094, 835, 373, 0, 21, 1
0, 1, 122366706324, 47692862981, 155200, 9676295, 828, 1392, 260, 405, 0, 21, 1
0, 1, 122139609655, 47395881424, 153615, 9823233, 959, 1194, 943, 343, 0, 21, 1
0, 1, 122926309108, 47632015928, 151664, 9537741, 879, 1445, 1493, 756, 0, 21, 1
0, 1, 122052207121, 46973965129, 160268, 9573746, 964, 1298, 827, 711, 0, 21, 1
0, 1, 122499399119, 47449152828, 155387, 9636182, 951, 1470, 623, 383, 0, 21, 1
0, 1, 121962793550, 47367897025, 162459, 9616213, 914, 1459, 450, 398, 0, 21, 1
0, 1, 119597949184, 46584765395, 153801, 9547372, 961, 1492, 469, 391, 0, 21, 1
0, 1, 124186369688, 47768849908, 153476, 9663304, 988, 1420, 203, 405, 0, 21, 1
0, 1, 103275892727, 38977706167, 237375, 8920237, 1001, 1286, 175, 377, 0, 21, 1
0, 1, 87169358219, 31249036694, 248005, 7990595, 1076, 1356, 72, 358, 0, 21, 1
0, 1, 83202267363, 30608308675, 230494, 7933751, 1053, 1003, 209, 311, 0, 21, 1
0, 1, 85082034322, 30481505414, 244033, 7985578, 789, 1097, 505, 287, 0, 21, 1
0, 1, 83970634877, 30299926617, 236444, 7826707, 1074, 1123, 134, 346, 0, 21, 1
0, 1, 83434195163, 30735095258, 224744, 7761898, 1225, 1175, 101, 522, 0, 21, 1
0, 1, 82404132089, 30610324528, 303490, 7893005, 1286, 1225, 33, 388, 0, 21, 1
0, 1, 82252267373, 30543316734, 318867, 8071706, 1130, 1266, 63, 394, 0, 21, 1
0, 1, 82727970879, 30335969136, 242258, 7903742, 1057, 1036, 71, 365, 0, 21, 1
0, 1, 83304848419, 30407228373, 235652, 7878097, 881, 1154, 88, 364, 0, 21, 1
0, 1, 82739444906, 30645072407, 236725, 7912175, 872, 1234, 84, 309, 0, 21, 1
0, 1, 82771843806, 30549877785, 228109, 7928244, 811, 996, 189, 265, 0, 21, 1
0, 1, 80475276430, 29939293298, 224357, 8051593, 1039, 1037, 81, 375, 0, 21, 1
0, 1, 81641487826, 30042480134, 225528, 7992689, 1154, 1165, 100, 415, 0, 21, 1
0, 1, 81446581965, 30067710152, 217685, 7692604, 1018, 980, 89, 327, 0, 21, 1
0, 1, 82937759647, 30538903542, 218018, 7814673, 959, 1035, 127, 361, 0, 21, 1
0, 1, 85240867509, 30563746944, 219241, 7981915, 981, 1179, 133, 392, 0, 21, 1
0, 1, 84432080596, 30693020071, 229618, 7915610, 831, 1120, 237, 411, 0, 21, 1
0, 1, 82288479624, 30357253678, 223449, 7953806, 665, 977, 487, 488, 0, 21, 1
0, 1, 83734034141, 30645065497, 221122, 8012817, 681, 974, 243, 464, 0, 21, 1
0, 1, 82903951091, 30374630246, 212638, 7794381, 1007, 1082, 127, 384, 0, 21, 1
0, 1, 84042898143, 30488212509, 221284, 7964160, 984, 1017, 65, 350, 0, 21, 1
0, 1, 3195554184, 336776723, 10973822, 15907889, 33499, 150538, 638840, 2684407, 1, 21, 0
0, 1, 3248836270, 353446041, 10733625, 15757309, 12398, 181356, 452331, 3228495, 12, 21, 0
0, 1, 3320318601, 350025050, 10847178, 15989950, 13617, 189834, 439903, 3198231, 0, 21, 0
0, 1, 3352779648, 344899353, 10700848, 15987336, 10458, 179210, 447099, 3183459, 0, 21, 0
0, 1, 3253792783, 344406079, 10684181, 16200039, 20157, 194414, 437452, 3007708, 0, 21, 0
0, 1, 3304189617, 344193813, 10430266, 16008229, 23728, 199152, 471910, 3353826, 0, 21, 0
0, 1, 3326123952, 344283904, 10807376, 16221575, 30104, 252586, 431655, 3158962, 0, 21, 0
0, 1, 3335695133, 343480885, 10487084, 15925613, 54141, 195714, 434642, 2955332, 0, 21, 0
0, 1, 3384396669, 342113369, 10630980, 16076670, 71441, 193670, 432330, 2908405, 0, 21, 0
0, 1, 23909015633, 9360646431, 26514, 1949085, 342, 315, 813, 1180, 29, 5, 1
0, 1, 24805208967, 9669783517, 373, 2054312, 695, 1398, 1339, 514, 0, 5, 1
0, 1, 25862046456, 10030750754, 496, 1940379, 960, 626, 1849, 386, 0, 5, 1
0, 1, 24285709402, 9648188446, 544, 1903798, 453, 435, 1952, 735, 0, 5, 1
0, 1, 23694451128, 9318692462, 521, 1840604, 151, 309, 1027, 357, 0, 5, 1
0, 1, 25134363358, 9509882101, 375, 1920450, 523, 223, 1440, 2132, 0, 5, 1
0, 1, 24533709102, 9881162707, 550, 1912910, 150, 243, 3058, 775, 0, 5, 1
0, 1, 24194453844, 9558070231, 441, 1909700, 516, 445, 2128, 297, 0, 5, 1
0, 1, 24690382274, 9651749731, 503, 1890306, 581, 444, 1625, 525, 0, 5, 1
0, 1, 23866489931, 9522503784, 506, 1895736, 285, 778, 1977, 321, 0, 5, 1
0, 1, 24475170973, 9666772358, 541, 1913385, 322, 224, 1789, 568, 0, 5, 1
0, 1, 24440795089, 9407414895, 558, 1912122, 517, 489, 1892, 484, 0, 5, 1
0, 1, 25635156653, 9927030449, 496, 2018660, 264, 763, 1577, 320, 0, 5, 1
0, 1, 25510166981, 9685498040, 680, 1891712, 550, 256, 484, 633, 0, 5, 1
0, 1, 2413028019, 269009063, 8945141, 9337504, 17765, 210449, 492141, 3999427, 1, 5, 0
0, 1, 2579437208, 265657966, 8560646, 9279185, 16261, 200652, 517722, 3960885, 0, 5, 0
0, 1, 2568283346, 275303317, 8601833, 9346240, 19369, 208853, 527095, 3979196, 0, 5, 0
0, 1, 2456748293, 269317628, 8493671, 8915728, 7171, 177288, 501822, 3393514, 0, 5, 0
0, 1, 2512988328, 274235848, 9144278, 9278901, 2908, 186160, 515996, 3465448, 0, 5, 0
0, 1, 2538178980, 276451563, 8852491, 9283809, 31352, 208379, 504706, 3844069, 0, 5, 0
0, 1, 2601539499, 289709340, 9280519, 9832377, 18637, 229587, 519586, 4230480, 0, 5, 0
0, 1, 45206533970, 17697728949, 20150, 3782160, 784, 1350, 3104, 1165, 127, 9, 1
0, 1, 48641793103, 18661322168, 1134, 3875128, 1309, 1363, 824, 717, 0, 9, 1
0, 1, 48507798774, 19327224712, 1291, 3779494, 683, 839, 1687, 640, 0, 9, 1
0, 1, 45230546555, 17986774051, 1149, 3830526, 602, 1692, 745, 1006, 0, 9, 1
0, 1, 48334844581, 18309978735, 5240, 3869236, 1172, 1942, 16208, 1025, 0, 9, 1
0, 1, 47779557198, 18721288531, 1044, 3796242, 595, 1364, 1536, 1557, 0, 9, 1
0, 1, 48736764861, 18692052522, 1065, 3680330, 909, 1276, 3789, 861, 0, 9, 1
0, 1, 46016912675, 18356476824, 4551, 3727848, 425, 704, 1930, 440, 0, 9, 1
0, 1, 46403780389, 18148581698, 2354, 3909198, 309, 587, 247, 1386, 0, 9, 1
0, 1, 48975344114, 18967679973, 3782, 3989207, 1193, 1270, 558, 11141, 0, 9, 1
0, 1, 47128275577, 18802421097, 4039, 4057035, 1989, 1385, 92, 436, 0, 9, 1
0, 1, 49136803335, 18677469607, 720, 3829920, 4052, 2476, 1292, 635, 0, 9, 1
0, 1, 49307228076, 18824903754, 916, 3814295, 4076, 1941, 2500, 886, 0, 9, 1
0, 1, 52621931427, 19537626370, 2639, 3849386, 1139, 825, 2373, 955, 0, 9, 1
0, 1, 50092809044, 19318587968, 1206, 3966803, 2893, 3172, 3419, 903, 0, 9, 1
0, 1, 50277923501, 19214161035, 879, 4005167, 3770, 1224, 3870, 1153, 0, 9, 1
0, 1, 48863568764, 19035836126, 8586, 3945971, 692, 2511, 2984, 633, 0, 9, 1
0, 1, 49207881679, 19074071282, 5406, 3844645, 1289, 1493, 2434, 2283, 0, 9, 1
0, 1, 50282755033, 19164261393, 1240, 4043603, 255, 368, 3332, 784, 0, 9, 1
0, 1, 51071211531, 19650149615, 1243, 3893836, 150, 380, 2460, 2139, 0, 9, 1
0, 1, 50426812311, 19785399696, 964, 3810824, 372, 326, 3697, 189, 0, 9, 1
0, 1, 48321170907, 19160570994, 1221, 3733221, 1266, 1991, 2441, 463, 0, 9, 1
0, 1, 47607271561, 18653911212, 1172, 3716388, 655, 1930, 509, 500, 0, 9, 1
0, 1, 46896390258, 18352167806, 7049, 3659227, 865, 1005, 118, 257, 0, 9, 1
0, 1, 38858668317, 15194982280, 23939, 3292157, 585, 1834, 802, 569, 0, 9, 1
0, 1, 36063952652, 12797243390, 12410, 3112305, 994, 1411, 3786, 627, 0, 9, 1
0, 1, 33358941352, 12225894307, 1050, 3070552, 1119, 1938, 1931, 1262, 0, 9, 1
0, 1, 33954224600, 12237485839, 1070, 3142143, 1289, 988, 3406, 704, 0, 9, 1
0, 1, 33695482942, 11989136009, 1020, 2971523, 841, 1129, 2454, 561, 0, 9, 1
0, 1, 35487055936, 12450094942, 923, 3161598, 526, 1309, 1159, 1398, 0, 9, 1
0, 1, 35596885599, 12469525846, 1194, 3108935, 1802, 482, 1952, 860, 0, 9, 1
0, 1, 33979846684, 12299638213, 1044, 3182260, 1508, 869, 1713, 796, 0, 9, 1
0, 1, 32526282028, 12315835272, 1331, 3081600, 957, 694, 1170, 440, 0, 9, 1
0, 1, 33268883894, 12241754325, 1115, 3078438, 617, 708, 1718, 567, 0, 9, 1
0, 1, 2815449713, 310644324, 9793044, 11810839, 19531, 145784, 580464, 4166300, 1, 9, 0
0, 1, 2924143332, 310474844, 9547774, 11358385, 31999, 149537, 521138, 3779804, 0, 9, 0
0, 1, 3041185163, 320558996, 9947117, 11940050, 18814, 158011, 544950, 4075371, 0, 9, 0
0, 1, 3143205852, 327997615, 9760033, 11882110, 16700, 168096, 558422, 4301819, 26, 9, 0
0, 1, 3036751998, 338520910, 9748640, 11995106, 19278, 164119, 557607, 4344987, 0, 9, 0
0, 1, 2980098002, 316666083, 9620507, 11656902, 15657, 161536, 563134, 4120032, 0, 9, 0
0, 1, 2985654346, 316196794, 9603312, 11754729, 16668, 162008, 580889, 4310772, 0, 9, 0
0, 1, 2972451414, 320497360, 9934401, 12489861, 16926, 169175, 565609, 4417113, 0, 9, 0
