1, 0, 17934431031, 6241485473, 226190688, 294595265, 1079265, 3937669, 26242, 28071, 35819, 21, 1
1, 0, 17505102443, 6099109726, 214472625, 257110600, 1074226, 3489957, 77132, 27878, 13655, 21, 1
1, 0, 17958792939, 6281721077, 218266945, 266493056, 1341782, 3788654, 23023, 2240, 14052, 21, 1
1, 0, 18255328976, 6463350993, 213833598, 270920406, 1643492, 4027160, 51165, 11645, 14062, 21, 1
1, 0, 17930923022, 6366325909, 213988301, 245689634, 1677142, 4362419, 49012, 526, 14166, 21, 1
1, 0, 17438132883, 6414818691, 217734422, 243337604, 1701457, 4828137, 59242, 45847, 14259, 21, 1
1, 0, 17380040511, 6406067322, 211026454, 241563455, 1773729, 5064540, 47480, 12561, 14050, 21, 1
1, 0, 20703182788, 7626935375, 261845993, 292353763, 4171282, 2892448, 48254, 48, 15688, 21, 1
1, 0, 26605542603, 9526211338, 339093184, 381250022, 8308803, 503463, 136444, 16018, 18671, 21, 1
1, 0, 25750659692, 9485088772, 329774157, 387287752, 8611290, 456728, 1098, 21918, 18524, 21, 1
1, 0, 26533904793, 9573567532, 331851174, 376116533, 8502797, 546555, 1338, 2004, 18489, 21, 1
1, 0, 25886488872, 9561525115, 332207524, 364304944, 8568495, 567350, 96417, 50, 18763, 21, 1
0, 1, 26859425279, 10250689712, 147648135, 387117884, 4085012, 12417775, 2989575, 7727936, 49662, 21, 1
0, 1, 27616215980, 10497802029, 151657082, 412281986, 4954141, 14279450, 2867170, 8552030, 29166, 21, 1
0, 1, 29173953128, 10866775091, 152348472, 394728588, 5537647, 15905113, 2321674, 7184153, 29259, 21, 1
0, 1, 30570256578, 11338046816, 142769982, 402623504, 6763341, 16463378, 547913, 1838001, 30690, 21, 1
0, 1, 30976479694, 12222442698, 154596766, 443483502, 6869789, 19641983, 552173, 3459147, 32600, 21, 1
0, 1, 31764060756, 12307532978, 149066602, 429503998, 6672172, 21889744, 490451, 6286332, 33776, 21, 1
0, 1, 33430713593, 12597086335, 146011739, 445630079, 6669238, 22030289, 419387, 3610376, 34170, 21, 1
0, 1, 33925413580, 13023200198, 143122495, 459744183, 6937136, 22675395, 258835, 988706, 35359, 21, 1
