1, 0, 3672285822, 410426705, 5354384, 12279569, 593462, 1491086, 23678, 17017, 385969, 20, 0
1, 0, 2673710220, 434412065, 8149612, 14713973, 1217172, 2160522, 47006, 19990, 319146, 20, 0
1, 0, 2831223689, 436492471, 10335866, 17505973, 1954765, 2204548, 85269, 15909, 277800, 20, 0
1, 0, 3193085615, 497758185, 15263316, 23917156, 3639699, 1941137, 52975, 88642, 256836, 20, 0
1, 0, 4529616007, 734155204, 28345932, 40136035, 8301950, 2235097, 101633, 42507, 310765, 20, 0
1, 0, 4221305998, 708069139, 36196229, 49106297, 10739875, 1641519, 384064, 111062, 349472, 20, 0
1, 0, 5812051675, 1008255505, 58374435, 76564117, 15842950, 1818762, 326344, 130026, 370738, 20, 0
1, 0, 13080640154, 2410646835, 112112879, 203766560, 23205341, 2069255, 414920, 316057, 384138, 20, 0
1, 0, 13704454426, 2943127776, 65930199, 290064587, 17454476, 1138566, 706702, 299688, 837053, 20, 0
0, 1, 2671561194, 291553325, 3544288, 7320366, 1066348, 975490, 46741, 254589, 318541, 20, 0
0, 1, 1092759414, 176229937, 4983637, 12036470, 1667875, 1032090, 54391, 179860, 173929, 20, 0
0, 1, 1178097681, 190255321, 3145818, 11807279, 1106679, 783308, 63276, 174612, 139245, 20, 0
0, 1, 1278286506, 195968840, 4225460, 13433825, 1635000, 647797, 76813, 204481, 133309, 20, 0
0, 1, 1350799752, 215809352, 5164453, 13374789, 2310642, 399253, 81280, 222193, 143707, 20, 0
0, 1, 1883191296, 298186954, 7755423, 14572882, 3856875, 309596, 108657, 293317, 194052, 20, 0
0, 1, 1672618467, 266188965, 8130316, 13041092, 4099542, 255892, 81911, 334314, 277380, 20, 0
0, 1, 1978625219, 323095490, 10408371, 16496554, 5745000, 207869, 61800, 254308, 273900, 20, 0
0, 1, 2164420224, 359634167, 12790371, 18914921, 6136642, 188286, 38882, 139424, 282211, 20, 0
0, 1, 2521431004, 433809837, 17221778, 25393171, 7634628, 188621, 115393, 299563, 290602, 20, 0
0, 1, 3375126122, 603108271, 26897590, 38822997, 13240707, 319156, 124163, 363110, 303805, 20, 0
0, 1, 7530148672, 1399754717, 74161325, 102912212, 38538182, 345495, 239998, 455975, 280225, 20, 0
0, 1, 10693336101, 2073885153, 90854517, 151830513, 26940537, 9105407, 2638545, 9345513, 577540, 20, 0
0, 1, 7642239641, 1825767234, 81318355, 154997421, 5215518, 14779111, 3748001, 14693610, 820108, 20, 0
0, 1, 7054946816, 1690545311, 78546456, 151810892, 5338886, 14787112, 3430360, 14774767, 850725, 20, 0
