1, 0, 3672285822, 410426705, 5354384, 12279569, 593462, 1491086, 23678, 17017, 385969, 20, 0
1, 0, 2673710220, 434412065, 8149612, 14713973, 1217172, 2160522, 47006, 19990, 319146, 20, 0
1, 0, 2831223689, 436492471, 10335866, 17505973, 1954765, 2204548, 85269, 15909, 277800, 20, 0
1, 0, 3193085615, 497758185, 15263316, 23917156, 3639699, 1941137, 52975, 88642, 256836, 20, 0
1, 0, 4529616007, 734155204, 28345932, 40136035, 8301950, 2235097, 101633, 42507, 310765, 20, 0
1, 0, 4221305998, 708069139, 36196229, 49106297, 10739875, 1641519, 384064, 111062, 349472, 20, 0
1, 0, 5812051675, 1008255505, 58374435, 76564117, 15842950, 1818762, 326344, 130026, 370738, 20, 0
1, 0, 13080640154, 2410646835, 112112879, 203766560, 23205341, 2069255, 414920, 316057, 384138, 20, 0
1, 0, 13704454426, 2943127776, 65930199, 290064587, 17454476, 1138566, 706702, 299688, 837053, 20, 0
0, 1, 2671561194, 291553325, 3544288, 7320366, 1066348, 975490, 46741, 254589, 318541, 20, 0
0, 1, 1092759414, 176229937, 4983637, 12036470, 1667875, 1032090, 54391, 179860, 173929, 20, 0
0, 1, 1178097681, 190255321, 3145818, 11807279, 1106679, 783308, 63276, 174612, 139245, 20, 0
0, 1, 1278286506, 195968840, 4225460, 13433825, 1635000, 647797, 76813, 204481, 133309, 20, 0
0, 1, 1350799752, 215809352, 5164453, 13374789, 2310642, 399253, 81280, 222193, 143707, 20, 0
0, 1, 1883191296, 298186954, 7755423, 14572882, 3856875, 309596, 108657, 293317, 194052, 20, 0
0, 1, 1672618467, 266188965, 8130316, 13041092, 4099542, 255892, 81911, 334314, 277380, 20, 0
0, 1, 1978625219, 323095490, 10408371, 16496554, 5745000, 207869, 61800, 254308, 273900, 20, 0
0, 1, 2164420224, 359634167, 12790371, 18914921, 6136642, 188286, 38882, 139424, 282211, 20, 0
0, 1, 2521431004, 433809837, 17221778, 25393171, 7634628, 188621, 115393, 299563, 290602, 20, 0
0, 1, 3375126122, 603108271, 26897590, 38822997, 13240707, 319156, 124163, 363110, 303805, 20, 0
0, 1, 7530148672, 1399754717, 74161325, 102912212, 38538182, 345495, 239998, 455975, 280225, 20, 0
0, 1, 10693336101, 2073885153, 90854517, 151830513, 26940537, 9105407, 2638545, 9345513, 577540, 20, 0
0, 1, 7642239641, 1825767234, 81318355, 154997421, 5215518, 14779111, 3748001, 14693610, 820108, 20, 0
0, 1, 7054946816, 1690545311, 78546456, 151810892, 5338886, 14787112, 3430360, 14774767, 850725, 20, 0
1, 0, 17934431031, 6241485473, 226190688, 294595265, 1079265, 3937669, 26242, 28071, 35819, 21, 1
1, 0, 17505102443, 6099109726, 214472625, 257110600, 1074226, 3489957, 77132, 27878, 13655, 21, 1
1, 0, 17958792939, 6281721077, 218266945, 266493056, 1341782, 3788654, 23023, 2240, 14052, 21, 1
1, 0, 18255328976, 6463350993, 213833598, 270920406, 1643492, 4027160, 51165, 11645, 14062, 21, 1
1, 0, 17930923022, 6366325909, 213988301, 245689634, 1677142, 4362419, 49012, 526, 14166, 21, 1
1, 0, 17438132883, 6414818691, 217734422, 243337604, 1701457, 4828137, 59242, 45847, 14259, 21, 1
1, 0, 17380040511, 6406067322, 211026454, 241563455, 1773729, 5064540, 47480, 12561, 14050, 21, 1
1, 0, 20703182788, 7626935375, 261845993, 292353763, 4171282, 2892448, 48254, 48, 15688, 21, 1
1, 0, 26605542603, 9526211338, 339093184, 381250022, 8308803, 503463, 136444, 16018, 18671, 21, 1
1, 0, 25750659692, 9485088772, 329774157, 387287752, 8611290, 456728, 1098, 21918, 18524, 21, 1
1, 0, 26533904793, 9573567532, 331851174, 376116533, 8502797, 546555, 1338, 2004, 18489, 21, 1
1, 0, 25886488872, 9561525115, 332207524, 364304944, 8568495, 567350, 96417, 50, 18763, 21, 1
0, 1, 26859425279, 10250689712, 147648135, 387117884, 4085012, 12417775, 2989575, 7727936, 49662, 21, 1
0, 1, 27616215980, 10497802029, 151657082, 412281986, 4954141, 14279450, 2867170, 8552030, 29166, 21, 1
0, 1, 29173953128, 10866775091, 152348472, 394728588, 5537647, 15905113, 2321674, 7184153, 29259, 21, 1
0, 1, 30570256578, 11338046816, 142769982, 402623504, 6763341, 16463378, 547913, 1838001, 30690, 21, 1
0, 1, 30976479694, 12222442698, 154596766, 443483502, 6869789, 19641983, 552173, 3459147, 32600, 21, 1
0, 1, 31764060756, 12307532978, 149066602, 429503998, 6672172, 21889744, 490451, 6286332, 33776, 21, 1
0, 1, 33430713593, 12597086335, 146011739, 445630079, 6669238, 22030289, 419387, 3610376, 34170, 21, 1
0, 1, 33925413580, 13023200198, 143122495, 459744183, 6937136, 22675395, 258835, 988706, 35359, 21, 1
